nsd           = 3;
nel           = 2;
potpar        = 2.00;
nmc           = 10000000;
nth           = 1000000;
nvp           = 2;
alpha = 2.3500;
beta = 0.65000;
percentAccept = 98.35;
energy        =      -2.5968503;
variance      =       1.7426817;
error         =   0.00041745440;
