nsd           = 3;
nel           = 2;
potpar        = 2.00;
nmc           = 10000000;
nth           = 1000000;
nvp           = 2;
alpha = 1.7000;
beta = 0.35000;
percentAccept = 99.35;
energy        =      -2.8721562;
variance      =      0.35978088;
error         =   0.00018967891;
