nsd           = 3;
nel           = 2;
potpar        = 2.00;
nmc           = 10000000;
nth           = 1000000;
nvp           = 2;
alpha = 2.5000;
beta = 0.35000;
percentAccept = 98.14;
energy        =      -2.4920192;
variance      =       3.1083655;
error         =   0.00055752717;
