nsd           = 3;
nel           = 2;
potpar        = 2.00;
nmc           = 10000000;
nth           = 1000000;
nvp           = 2;
alpha = 2.2500;
beta = 0.20000;
percentAccept = 98.66;
energy        =      -2.7690477;
variance      =      0.71875235;
error         =   0.00026809557;
