nsd           = 3;
nel           = 2;
potpar        = 2.00;
nmc           = 10000000;
nth           = 1000000;
nvp           = 2;
alpha = 2.3500;
beta = 0.40000;
percentAccept = 98.41;
energy        =      -2.6424338;
variance      =       1.5448971;
error         =   0.00039305179;
