nsd           = 3;
nel           = 2;
potpar        = 2.00;
nmc           = 10000000;
nth           = 1000000;
nvp           = 2;
alpha = 1.8000;
beta = 0.35000;
percentAccept = 99.24;
energy        =      -2.8887114;
variance      =      0.19171988;
error         =   0.00013846295;
