nsd           = 3;
nel           = 2;
potpar        = 2.00;
nmc           = 10000000;
nth           = 1000000;
nvp           = 2;
alpha = 2.7000;
beta = 0.45000;
percentAccept = 97.68;
energy        =      -2.1751464;
variance      =       7.0532751;
error         =   0.00083983779;
