nsd           = 3;
nel           = 2;
potpar        = 2.00;
nmc           = 10000000;
nth           = 1000000;
nvp           = 2;
alpha = 1.6500;
beta = 0.45000;
percentAccept = 99.39;
energy        =      -2.8633621;
variance      =      0.45843299;
error         =   0.00021411048;
