nsd           = 3;
nel           = 2;
potpar        = 2.00;
nmc           = 10000000;
nth           = 1000000;
nvp           = 2;
alpha = 1.1500;
beta = 0.20000;
percentAccept = 99.80;
energy        =      -2.4006497;
variance      =       1.3104796;
error         =   0.00036200547;
