nsd           = 3;
nel           = 2;
potpar        = 2.00;
nmc           = 10000000;
nth           = 1000000;
nvp           = 2;
alpha = 2.2000;
beta = 0.10000;
percentAccept = 98.80;
energy        =      -2.8185448;
variance      =      0.47041179;
error         =   0.00021688978;
