nsd           = 3;
nel           = 2;
potpar        = 2.00;
nmc           = 10000000;
nth           = 1000000;
nvp           = 2;
alpha = 2.5500;
beta = 1.0000;
percentAccept = 97.89;
energy        =      -2.2934820;
variance      =       4.8191969;
error         =   0.00069420435;
