nsd           = 3;
nel           = 2;
potpar        = 2.00;
nmc           = 10000000;
nth           = 1000000;
nvp           = 2;
alpha = 2.6000;
beta = 0.95000;
percentAccept = 97.79;
energy        =      -2.2245175;
variance      =       5.6553655;
error         =   0.00075202164;
