nsd           = 3;
nel           = 2;
potpar        = 2.00;
nmc           = 10000000;
nth           = 1000000;
nvp           = 2;
alpha = 2.3000;
beta = 0.80000;
percentAccept = 98.42;
energy        =      -2.6272523;
variance      =       1.3824401;
error         =   0.00037181179;
