nsd           = 3;
nel           = 2;
potpar        = 2.00;
nmc           = 10000000;
nth           = 1000000;
nvp           = 2;
alpha = 2.6000;
beta = 0.65000;
percentAccept = 97.85;
energy        =      -2.2782589;
variance      =       5.3635511;
error         =   0.00073236269;
