nsd           = 3;
nel           = 2;
potpar        = 2.00;
nmc           = 10000000;
nth           = 1000000;
nvp           = 2;
alpha = 2.8500;
beta = 0.60000;
percentAccept = 97.27;
energy        =      -1.8560184;
variance      =       11.986820;
error         =    0.0010948434;
