nsd           = 3;
nel           = 2;
potpar        = 2.00;
nmc           = 10000000;
nth           = 1000000;
nvp           = 2;
alpha = 2.6000;
beta = 0.10000;
percentAccept = 98.08;
energy        =      -2.4704782;
variance      =       4.1074483;
error         =   0.00064089378;
