nsd           = 3;
nel           = 2;
potpar        = 2.00;
nmc           = 10000000;
nth           = 1000000;
nvp           = 2;
alpha = 2.2500;
beta = 0.15000;
percentAccept = 98.69;
energy        =      -2.7803138;
variance      =      0.69750761;
error         =   0.00026410369;
