nsd           = 3;
nel           = 2;
potpar        = 2.00;
nmc           = 10000000;
nth           = 1000000;
nvp           = 2;
alpha = 1.6000;
beta = 0.050000;
percentAccept = 99.55;
energy        =      -2.7295754;
variance      =      0.71540030;
error         =   0.00026746968;
