nsd           = 3;
nel           = 2;
potpar        = 2.00;
nmc           = 10000000;
nth           = 1000000;
nvp           = 2;
alpha = 1.5500;
beta = 0.40000;
percentAccept = 99.49;
energy        =      -2.8191608;
variance      =      0.66972297;
error         =   0.00025879006;
