nsd           = 3;
nel           = 2;
potpar        = 2.00;
nmc           = 10000000;
nth           = 1000000;
nvp           = 2;
alpha = 1.6500;
beta = 0.35000;
percentAccept = 99.40;
energy        =      -2.8571445;
variance      =      0.46600020;
error         =   0.00021587038;
