nsd           = 3;
nel           = 2;
potpar        = 2.00;
nmc           = 10000000;
nth           = 1000000;
nvp           = 2;
alpha = 2.0500;
beta = 0.40000;
percentAccept = 98.91;
energy        =      -2.8458690;
variance      =      0.14027039;
error         =   0.00011843580;
