nsd           = 3;
nel           = 2;
potpar        = 2.00;
nmc           = 10000000;
nth           = 1000000;
nvp           = 2;
alpha = 2.4000;
beta = 0.75000;
percentAccept = 98.24;
energy        =      -2.5273176;
variance      =       2.3092044;
error         =   0.00048054182;
