nsd           = 3;
nel           = 2;
potpar        = 2.00;
nmc           = 10000000;
nth           = 1000000;
nvp           = 2;
alpha = 1.9500;
beta = 0.95000;
percentAccept = 98.97;
energy        =      -2.8476909;
variance      =      0.13653641;
error         =   0.00011684879;
