nsd           = 3;
nel           = 2;
potpar        = 2.00;
nmc           = 10000000;
nth           = 1000000;
nvp           = 2;
alpha = 1.6500;
beta = 0.10000;
percentAccept = 99.48;
energy        =      -2.7993147;
variance      =      0.57232551;
error         =   0.00023923326;
