nsd           = 3;
nel           = 2;
potpar        = 2.00;
nmc           = 10000000;
nth           = 1000000;
nvp           = 2;
alpha = 2.8000;
beta = 0.75000;
percentAccept = 97.36;
energy        =      -1.9123352;
variance      =       10.826844;
error         =    0.0010405212;
