nsd           = 3;
nel           = 2;
potpar        = 2.00;
nmc           = 10000000;
nth           = 1000000;
nvp           = 2;
alpha = 2.4000;
beta = 0.55000;
percentAccept = 98.28;
energy        =      -2.5608939;
variance      =       2.1481511;
error         =   0.00046348150;
