nsd           = 3;
nel           = 2;
potpar        = 2.00;
nmc           = 10000000;
nth           = 1000000;
nvp           = 2;
alpha = 1.8000;
beta = 0.85000;
percentAccept = 99.18;
energy        =      -2.8815628;
variance      =      0.20921448;
error         =   0.00014464248;
