nsd           = 3;
nel           = 2;
potpar        = 2.00;
nmc           = 10000000;
nth           = 1000000;
nvp           = 2;
alpha = 1.1000;
beta = 0.95000;
percentAccept = 99.78;
energy        =      -2.4747189;
variance      =       1.5103348;
error         =   0.00038863027;
