nsd           = 3;
nel           = 2;
potpar        = 2.00;
nmc           = 10000000;
nth           = 1000000;
nvp           = 2;
alpha = 1.3000;
beta = 0.60000;
percentAccept = 99.67;
energy        =      -2.6638804;
variance      =       1.2140433;
error         =   0.00034843124;
