nsd           = 3;
nel           = 2;
potpar        = 2.00;
nmc           = 10000000;
nth           = 1000000;
nvp           = 2;
alpha = 2.0000;
beta = 0.25000;
percentAccept = 99.02;
energy        =      -2.8742917;
variance      =     0.088516187;
error         =   9.4083042E-05;
