nsd           = 3;
nel           = 2;
potpar        = 2.00;
nmc           = 10000000;
nth           = 1000000;
nvp           = 2;
alpha = 3.0000;
beta = 0.80000;
percentAccept = 96.83;
energy        =      -1.4792042;
variance      =       18.493938;
error         =    0.0013599242;
