nsd           = 3;
nel           = 2;
potpar        = 2.00;
nmc           = 10000000;
nth           = 1000000;
nvp           = 2;
alpha = 2.7000;
beta = 0.70000;
percentAccept = 97.61;
energy        =      -2.1064230;
variance      =       7.6109848;
error         =   0.00087240958;
