nsd           = 3;
nel           = 2;
potpar        = 2.00;
nmc           = 10000000;
nth           = 1000000;
nvp           = 2;
alpha = 2.4000;
beta = 0.20000;
percentAccept = 98.40;
energy        =      -2.6475200;
variance      =       1.8141207;
error         =   0.00042592496;
