nsd           = 3;
nel           = 2;
potpar        = 2.00;
nmc           = 10000000;
nth           = 1000000;
nvp           = 2;
alpha = 1.8000;
beta = 0.10000;
percentAccept = 99.32;
energy        =      -2.8606062;
variance      =      0.30675615;
error         =   0.00017514455;
