nsd           = 3;
nel           = 2;
potpar        = 2.00;
nmc           = 10000000;
nth           = 1000000;
nvp           = 2;
alpha = 2.8500;
beta = 0.050000;
percentAccept = 97.56;
energy        =      -2.1337885;
variance      =       9.6349958;
error         =   0.00098158014;
