nsd           = 3;
nel           = 2;
potpar        = 2.00;
nmc           = 10000000;
nth           = 1000000;
nvp           = 2;
alpha = 2.6500;
beta = 0.45000;
percentAccept = 97.79;
energy        =      -2.2543123;
variance      =       6.0070907;
error         =   0.00077505423;
