nsd           = 3;
nel           = 2;
potpar        = 2.00;
nmc           = 10000000;
nth           = 1000000;
nvp           = 2;
alpha = 2.5000;
beta = 0.10000;
percentAccept = 98.28;
energy        =      -2.5862052;
variance      =       2.7351762;
error         =   0.00052298912;
