nsd           = 3;
nel           = 2;
potpar        = 2.00;
nmc           = 10000000;
nth           = 1000000;
nvp           = 2;
alpha = 1.5000;
beta = 0.65000;
percentAccept = 99.51;
energy        =      -2.8095791;
variance      =      0.77718473;
error         =   0.00027878033;
