nsd           = 3;
nel           = 2;
potpar        = 2.00;
nmc           = 10000000;
nth           = 1000000;
nvp           = 2;
alpha = 2.1500;
beta = 0.45000;
percentAccept = 98.74;
energy        =      -2.7899401;
variance      =      0.38999274;
error         =   0.00019748234;
