nsd           = 3;
nel           = 2;
potpar        = 2.00;
nmc           = 10000000;
nth           = 1000000;
nvp           = 2;
alpha = 1.9500;
beta = 0.60000;
percentAccept = 99.01;
energy        =      -2.8653962;
variance      =     0.084295715;
error         =   9.1812698E-05;
