nsd           = 3;
nel           = 2;
potpar        = 2.00;
nmc           = 10000000;
nth           = 1000000;
nvp           = 2;
alpha = 1.4500;
beta = 0.15000;
percentAccept = 99.63;
energy        =      -2.6886440;
variance      =      0.92045573;
error         =   0.00030339013;
