nsd           = 3;
nel           = 2;
potpar        = 2.00;
nmc           = 10000000;
nth           = 1000000;
nvp           = 2;
alpha = 2.1500;
beta = 0.25000;
percentAccept = 98.80;
energy        =      -2.8184291;
variance      =      0.33803767;
error         =   0.00018385801;
