nsd           = 3;
nel           = 2;
potpar        = 2.00;
nmc           = 10000000;
nth           = 1000000;
nvp           = 2;
alpha = 2.1000;
beta = 0.60000;
percentAccept = 98.79;
energy        =      -2.8022924;
variance      =      0.28654885;
error         =   0.00016927754;
