nsd           = 3;
nel           = 2;
potpar        = 2.00;
nmc           = 10000000;
nth           = 1000000;
nvp           = 2;
alpha = 2.5500;
beta = 0.75000;
percentAccept = 97.93;
energy        =      -2.3325634;
variance      =       4.4271145;
error         =   0.00066536565;
