nsd           = 3;
nel           = 2;
potpar        = 2.00;
nmc           = 10000000;
nth           = 1000000;
nvp           = 2;
alpha = 2.8000;
beta = 0.95000;
percentAccept = 97.32;
energy        =      -1.8720512;
variance      =       10.987043;
error         =    0.0010481910;
