nsd           = 3;
nel           = 2;
potpar        = 2.00;
nmc           = 10000000;
nth           = 1000000;
nvp           = 2;
alpha = 1.2500;
beta = 0.25000;
percentAccept = 99.74;
energy        =      -2.5454178;
variance      =       1.2525971;
error         =   0.00035392048;
