nsd           = 3;
nel           = 2;
potpar        = 2.00;
nmc           = 10000000;
nth           = 1000000;
nvp           = 2;
alpha = 1.3500;
beta = 0.45000;
percentAccept = 99.65;
energy        =      -2.6907136;
variance      =       1.0927986;
error         =   0.00033057504;
