nsd           = 3;
nel           = 2;
potpar        = 2.00;
nmc           = 10000000;
nth           = 1000000;
nvp           = 2;
alpha = 2.2500;
beta = 0.50000;
percentAccept = 98.57;
energy        =      -2.7122502;
variance      =      0.87615880;
error         =   0.00029599980;
