nsd           = 3;
nel           = 2;
potpar        = 2.00;
nmc           = 10000000;
nth           = 1000000;
nvp           = 2;
alpha = 2.9000;
beta = 0.50000;
percentAccept = 97.18;
energy        =      -1.7904350;
variance      =       13.090777;
error         =    0.0011441493;
