nsd           = 3;
nel           = 2;
potpar        = 2.00;
nmc           = 10000000;
nth           = 1000000;
nvp           = 2;
alpha = 2.0500;
beta = 0.55000;
percentAccept = 98.87;
energy        =      -2.8321411;
variance      =      0.16671102;
error         =   0.00012911662;
