nsd           = 3;
nel           = 2;
potpar        = 2.00;
nmc           = 10000000;
nth           = 1000000;
nvp           = 2;
alpha = 1.1000;
beta = 0.50000;
percentAccept = 99.80;
energy        =      -2.4353946;
variance      =       1.4278478;
error         =   0.00037786874;
