nsd           = 3;
nel           = 2;
potpar        = 2.00;
nmc           = 10000000;
nth           = 1000000;
nvp           = 2;
alpha = 1.4500;
beta = 0.30000;
percentAccept = 99.59;
energy        =      -2.7424807;
variance      =      0.89711143;
error         =   0.00029951818;
