nsd           = 3;
nel           = 2;
potpar        = 2.00;
nmc           = 10000000;
nth           = 1000000;
nvp           = 2;
alpha = 1.2500;
beta = 0.050000;
percentAccept = 99.79;
energy        =      -2.3587777;
variance      =       1.2051540;
error         =   0.00034715327;
