nsd           = 3;
nel           = 2;
potpar        = 2.00;
nmc           = 10000000;
nth           = 1000000;
nvp           = 2;
alpha = 1.0500;
beta = 0.10000;
percentAccept = 99.86;
energy        =      -2.1589409;
variance      =       1.2644418;
error         =   0.00035558990;
