nsd           = 3;
nel           = 2;
potpar        = 2.00;
nmc           = 10000000;
nth           = 1000000;
nvp           = 2;
alpha = 1.9000;
beta = 0.75000;
percentAccept = 99.06;
energy        =      -2.8706574;
variance      =      0.10485737;
error         =   0.00010239989;
