nsd           = 3;
nel           = 2;
potpar        = 2.00;
nmc           = 10000000;
nth           = 1000000;
nvp           = 2;
alpha = 2.6500;
beta = 0.050000;
percentAccept = 98.02;
energy        =      -2.4359720;
variance      =       4.9773809;
error         =   0.00070550555;
