nsd           = 3;
nel           = 2;
potpar        = 2.00;
nmc           = 10000000;
nth           = 1000000;
nvp           = 2;
alpha = 1.8500;
beta = 0.90000;
percentAccept = 99.11;
energy        =      -2.8748173;
variance      =      0.15244723;
error         =   0.00012346952;
