nsd           = 3;
nel           = 2;
potpar        = 2.00;
nmc           = 10000000;
nth           = 1000000;
nvp           = 2;
alpha = 1.9500;
beta = 0.55000;
percentAccept = 99.01;
energy        =      -2.8682405;
variance      =     0.078800829;
error         =   8.8769831E-05;
