nsd           = 3;
nel           = 2;
potpar        = 2.00;
nmc           = 10000000;
nth           = 1000000;
nvp           = 2;
alpha = 2.3500;
beta = 0.75000;
percentAccept = 98.34;
energy        =      -2.5826206;
variance      =       1.7969398;
error         =   0.00042390327;
