nsd           = 3;
nel           = 2;
potpar        = 2.00;
nmc           = 10000000;
nth           = 1000000;
nvp           = 2;
alpha = 2.5000;
beta = 0.25000;
percentAccept = 98.19;
energy        =      -2.5254102;
variance      =       2.9628989;
error         =   0.00054432517;
