nsd           = 3;
nel           = 2;
potpar        = 2.00;
nmc           = 10000000;
nth           = 1000000;
nvp           = 2;
alpha = 2.9000;
beta = 0.75000;
percentAccept = 97.11;
energy        =      -1.7131156;
variance      =       14.020068;
error         =    0.0011840637;
