nsd           = 3;
nel           = 2;
potpar        = 2.00;
nmc           = 10000000;
nth           = 1000000;
nvp           = 2;
alpha = 2.2500;
beta = 0.45000;
percentAccept = 98.58;
energy        =      -2.7203097;
variance      =      0.84870388;
error         =   0.00029132523;
