nsd           = 3;
nel           = 2;
potpar        = 2.00;
nmc           = 10000000;
nth           = 1000000;
nvp           = 2;
alpha = 1.9000;
beta = 0.85000;
percentAccept = 99.05;
energy        =      -2.8666029;
variance      =      0.11669417;
error         =   0.00010802508;
