nsd           = 3;
nel           = 2;
potpar        = 2.00;
nmc           = 10000000;
nth           = 1000000;
nvp           = 2;
alpha = 2.6500;
beta = 0.10000;
percentAccept = 97.97;
energy        =      -2.4042647;
variance      =       5.0601254;
error         =   0.00071134559;
