nsd           = 3;
nel           = 2;
potpar        = 2.00;
nmc           = 10000000;
nth           = 1000000;
nvp           = 2;
alpha = 1.6500;
beta = 0.90000;
percentAccept = 99.34;
energy        =      -2.8690578;
variance      =      0.45127467;
error         =   0.00021243226;
