nsd           = 3;
nel           = 2;
potpar        = 2.00;
nmc           = 10000000;
nth           = 1000000;
nvp           = 2;
alpha = 2.4000;
beta = 0.50000;
percentAccept = 98.29;
energy        =      -2.5705580;
variance      =       2.1463669;
error         =   0.00046328899;
