nsd           = 3;
nel           = 2;
potpar        = 2.00;
nmc           = 10000000;
nth           = 1000000;
nvp           = 2;
alpha = 2.8000;
beta = 1.0000;
percentAccept = 97.31;
energy        =      -1.8630484;
variance      =       11.245264;
error         =    0.0010604369;
