nsd           = 3;
nel           = 2;
potpar        = 2.00;
nmc           = 10000000;
nth           = 1000000;
nvp           = 2;
alpha = 2.9000;
beta = 0.15000;
percentAccept = 97.36;
energy        =      -1.9667623;
variance      =       11.947962;
error         =    0.0010930674;
