nsd           = 3;
nel           = 2;
potpar        = 2.00;
nmc           = 10000000;
nth           = 1000000;
nvp           = 2;
alpha = 2.7000;
beta = 0.40000;
percentAccept = 97.70;
energy        =      -2.1914624;
variance      =       14.206763;
error         =    0.0011919213;
