nsd           = 3;
nel           = 2;
potpar        = 2.00;
nmc           = 10000000;
nth           = 1000000;
nvp           = 2;
alpha = 2.7000;
beta = 0.10000;
percentAccept = 97.86;
energy        =      -2.3340419;
variance      =       6.1523226;
error         =   0.00078436743;
