nsd           = 3;
nel           = 2;
potpar        = 2.00;
nmc           = 10000000;
nth           = 1000000;
nvp           = 2;
alpha = 2.9500;
beta = 0.050000;
percentAccept = 97.32;
energy        =      -1.9526792;
variance      =       12.908071;
error         =    0.0011361369;
