nsd           = 3;
nel           = 2;
potpar        = 2.00;
nmc           = 10000000;
nth           = 1000000;
nvp           = 2;
alpha = 1.0500;
beta = 0.15000;
percentAccept = 99.85;
energy        =      -2.2219147;
variance      =       1.3053524;
error         =   0.00036129661;
