nsd           = 3;
nel           = 2;
potpar        = 2.00;
nmc           = 10000000;
nth           = 1000000;
nvp           = 2;
alpha = 1.6500;
beta = 0.60000;
percentAccept = 99.37;
energy        =      -2.8678152;
variance      =      0.44628799;
error         =   0.00021125529;
