nsd           = 3;
nel           = 2;
potpar        = 2.00;
nmc           = 10000000;
nth           = 1000000;
nvp           = 2;
alpha = 2.3000;
beta = 0.50000;
percentAccept = 98.48;
energy        =      -2.6695043;
variance      =       1.2298449;
error         =   0.00035069145;
