nsd           = 3;
nel           = 2;
potpar        = 2.00;
nmc           = 10000000;
nth           = 1000000;
nvp           = 2;
alpha = 1.4500;
beta = 0.80000;
percentAccept = 99.54;
energy        =      -2.7865205;
variance      =      0.88772605;
error         =   0.00029794732;
