nsd           = 3;
nel           = 2;
potpar        = 2.00;
nmc           = 10000000;
nth           = 1000000;
nvp           = 2;
alpha = 2.6500;
beta = 0.70000;
percentAccept = 97.72;
energy        =      -2.1898180;
variance      =       6.3788814;
error         =   0.00079867900;
