nsd           = 3;
nel           = 2;
potpar        = 2.00;
nmc           = 10000000;
nth           = 1000000;
nvp           = 2;
alpha = 1.8500;
beta = 0.25000;
percentAccept = 99.21;
energy        =      -2.8889685;
variance      =      0.15216184;
error         =   0.00012335390;
