nsd           = 3;
nel           = 2;
potpar        = 2.00;
nmc           = 10000000;
nth           = 1000000;
nvp           = 2;
alpha = 1.0000;
beta = 0.80000;
percentAccept = 99.84;
energy        =      -2.3342975;
variance      =       1.5169932;
error         =   0.00038948597;
