nsd           = 3;
nel           = 2;
potpar        = 2.00;
nmc           = 10000000;
nth           = 1000000;
nvp           = 2;
alpha = 1.3000;
beta = 0.85000;
percentAccept = 99.66;
energy        =      -2.6789493;
variance      =       1.2350170;
error         =   0.00035142809;
