nsd           = 3;
nel           = 2;
potpar        = 2.00;
nmc           = 10000000;
nth           = 1000000;
nvp           = 2;
alpha = 2.4500;
beta = 0.15000;
percentAccept = 98.34;
energy        =      -2.6163528;
variance      =       2.2813424;
error         =   0.00047763400;
