nsd           = 3;
nel           = 2;
potpar        = 2.00;
nmc           = 10000000;
nth           = 1000000;
nvp           = 2;
alpha = 1.9500;
beta = 0.50000;
percentAccept = 99.02;
energy        =      -2.8711529;
variance      =     0.075245170;
error         =   8.6743974E-05;
