nsd           = 3;
nel           = 2;
potpar        = 2.00;
nmc           = 10000000;
nth           = 1000000;
nvp           = 2;
alpha = 2.4000;
beta = 0.10000;
percentAccept = 98.47;
energy        =      -2.6831471;
variance      =       1.6691030;
error         =   0.00040854657;
