nsd           = 3;
nel           = 2;
potpar        = 2.00;
nmc           = 10000000;
nth           = 1000000;
nvp           = 2;
alpha = 2.0500;
beta = 0.80000;
percentAccept = 98.84;
energy        =      -2.8127765;
variance      =      0.22379550;
error         =   0.00014959796;
