nsd           = 3;
nel           = 2;
potpar        = 2.00;
nmc           = 10000000;
nth           = 1000000;
nvp           = 2;
alpha = 2.9500;
beta = 0.70000;
percentAccept = 96.99;
energy        =      -1.6204915;
variance      =       15.763051;
error         =    0.0012555099;
