nsd           = 3;
nel           = 2;
potpar        = 2.00;
nmc           = 10000000;
nth           = 1000000;
nvp           = 2;
alpha = 2.0500;
beta = 0.75000;
percentAccept = 98.84;
energy        =      -2.8162627;
variance      =      0.21206495;
error         =   0.00014562450;
