nsd           = 3;
nel           = 2;
potpar        = 2.00;
nmc           = 10000000;
nth           = 1000000;
nvp           = 2;
alpha = 1.3500;
beta = 0.050000;
percentAccept = 99.73;
energy        =      -2.4877805;
variance      =       1.1554598;
error         =   0.00033992055;
