nsd           = 3;
nel           = 2;
potpar        = 2.00;
nmc           = 10000000;
nth           = 1000000;
nvp           = 2;
alpha = 3.0000;
beta = 0.050000;
percentAccept = 97.19;
energy        =      -1.8543265;
variance      =       14.690785;
error         =    0.0012120555;
