nsd           = 3;
nel           = 2;
potpar        = 2.00;
nmc           = 10000000;
nth           = 1000000;
nvp           = 2;
alpha = 3.0000;
beta = 0.40000;
percentAccept = 96.96;
energy        =      -1.6225202;
variance      =       16.451424;
error         =    0.0012826311;
