nsd           = 3;
nel           = 2;
potpar        = 2.00;
nmc           = 10000000;
nth           = 1000000;
nvp           = 2;
alpha = 1.0000;
beta = 0.55000;
percentAccept = 99.84;
energy        =      -2.3088843;
variance      =       1.4958797;
error         =   0.00038676604;
