nsd           = 3;
nel           = 2;
potpar        = 2.00;
nmc           = 10000000;
nth           = 1000000;
nvp           = 2;
alpha = 1.7000;
beta = 1.0000;
percentAccept = 99.28;
energy        =      -2.8765153;
variance      =      0.37752044;
error         =   0.00019429885;
