nsd           = 3;
nel           = 2;
potpar        = 2.00;
nmc           = 10000000;
nth           = 1000000;
nvp           = 2;
alpha = 1.0000;
beta = 0.60000;
percentAccept = 99.84;
energy        =      -2.3156952;
variance      =       1.5185285;
error         =   0.00038968301;
