nsd           = 3;
nel           = 2;
potpar        = 2.00;
nmc           = 10000000;
nth           = 1000000;
nvp           = 2;
alpha = 3.0000;
beta = 0.35000;
percentAccept = 96.98;
energy        =      -1.6464672;
variance      =       16.374394;
error         =    0.0012796247;
