nsd           = 3;
nel           = 2;
potpar        = 2.00;
nmc           = 10000000;
nth           = 1000000;
nvp           = 2;
alpha = 2.3000;
beta = 0.35000;
percentAccept = 98.52;
energy        =      -2.6982222;
variance      =       1.1008376;
error         =   0.00033178873;
