nsd           = 3;
nel           = 2;
potpar        = 2.00;
nmc           = 10000000;
nth           = 1000000;
nvp           = 2;
alpha = 2.0000;
beta = 1.0000;
percentAccept = 98.89;
energy        =      -2.8254171;
variance      =      0.18777806;
error         =   0.00013703214;
