nsd           = 3;
nel           = 2;
potpar        = 2.00;
nmc           = 10000000;
nth           = 1000000;
nvp           = 2;
alpha = 2.1500;
beta = 0.55000;
percentAccept = 98.72;
energy        =      -2.7776823;
variance      =      0.42536789;
error         =   0.00020624449;
