nsd           = 3;
nel           = 2;
potpar        = 2.00;
nmc           = 10000000;
nth           = 1000000;
nvp           = 2;
alpha = 2.1500;
beta = 0.10000;
percentAccept = 98.88;
energy        =      -2.8401230;
variance      =      0.32532401;
error         =   0.00018036741;
