nsd           = 3;
nel           = 2;
potpar        = 2.00;
nmc           = 10000000;
nth           = 1000000;
nvp           = 2;
alpha = 1.2500;
beta = 0.20000;
percentAccept = 99.75;
energy        =      -2.5216465;
variance      =       1.3200025;
error         =   0.00036331839;
