nsd           = 3;
nel           = 2;
potpar        = 2.00;
nmc           = 10000000;
nth           = 1000000;
nvp           = 2;
alpha = 2.0000;
beta = 0.35000;
percentAccept = 98.99;
energy        =      -2.8674240;
variance      =     0.084553440;
error         =   9.1952945E-05;
