nsd           = 3;
nel           = 2;
potpar        = 2.00;
nmc           = 10000000;
nth           = 1000000;
nvp           = 2;
alpha = 1.0000;
beta = 0.15000;
percentAccept = 99.87;
energy        =      -2.1466664;
variance      =       1.3255157;
error         =   0.00036407632;
