nsd           = 3;
nel           = 2;
potpar        = 2.00;
nmc           = 10000000;
nth           = 1000000;
nvp           = 2;
alpha = 2.2000;
beta = 0.15000;
percentAccept = 98.77;
energy        =      -2.8093819;
variance      =      0.48334397;
error         =   0.00021985085;
