nsd           = 3;
nel           = 2;
potpar        = 2.00;
nmc           = 10000000;
nth           = 1000000;
nvp           = 2;
alpha = 1.6000;
beta = 0.10000;
percentAccept = 99.52;
energy        =      -2.7697722;
variance      =      0.67199411;
error         =   0.00025922849;
