nsd           = 3;
nel           = 2;
potpar        = 2.00;
nmc           = 10000000;
nth           = 1000000;
nvp           = 2;
alpha = 2.9000;
beta = 0.65000;
percentAccept = 97.13;
energy        =      -1.7405453;
variance      =       14.099884;
error         =    0.0011874293;
