nsd           = 3;
nel           = 2;
potpar        = 2.00;
nmc           = 10000000;
nth           = 1000000;
nvp           = 2;
alpha = 2.7000;
beta = 0.35000;
percentAccept = 97.72;
energy        =      -2.2103570;
variance      =       7.5308976;
error         =   0.00086780745;
