nsd           = 3;
nel           = 2;
potpar        = 2.00;
nmc           = 10000000;
nth           = 1000000;
nvp           = 2;
alpha = 3.0000;
beta = 0.85000;
percentAccept = 96.82;
energy        =      -1.4667184;
variance      =       18.853235;
error         =    0.0013730708;
