nsd           = 3;
nel           = 2;
potpar        = 2.00;
nmc           = 10000000;
nth           = 1000000;
nvp           = 2;
alpha = 2.7000;
beta = 0.55000;
percentAccept = 97.65;
energy        =      -2.1447132;
variance      =       7.2743359;
error         =   0.00085289717;
