nsd           = 3;
nel           = 2;
potpar        = 2.00;
nmc           = 10000000;
nth           = 1000000;
nvp           = 2;
alpha = 1.4500;
beta = 0.50000;
percentAccept = 99.56;
energy        =      -2.7713015;
variance      =      0.91058560;
error         =   0.00030175911;
