nsd           = 3;
nel           = 2;
potpar        = 2.00;
nmc           = 10000000;
nth           = 1000000;
nvp           = 2;
alpha = 1.3000;
beta = 0.20000;
percentAccept = 99.72;
energy        =      -2.5755479;
variance      =       1.1601790;
error         =   0.00034061400;
