nsd           = 3;
nel           = 2;
potpar        = 2.00;
nmc           = 10000000;
nth           = 1000000;
nvp           = 2;
alpha = 1.6000;
beta = 0.85000;
percentAccept = 99.40;
energy        =      -2.8559917;
variance      =      0.59845291;
error         =   0.00024463297;
