nsd           = 3;
nel           = 2;
potpar        = 2.00;
nmc           = 10000000;
nth           = 1000000;
nvp           = 2;
alpha = 2.6500;
beta = 0.30000;
percentAccept = 97.85;
energy        =      -2.3075989;
variance      =       5.5340218;
error         =   0.00074391006;
