nsd           = 3;
nel           = 2;
potpar        = 2.00;
nmc           = 10000000;
nth           = 1000000;
nvp           = 2;
alpha = 2.8000;
beta = 0.70000;
percentAccept = 97.37;
energy        =      -1.9249358;
variance      =       10.712197;
error         =    0.0010349974;
