nsd           = 3;
nel           = 2;
potpar        = 2.00;
nmc           = 10000000;
nth           = 1000000;
nvp           = 2;
alpha = 1.1000;
beta = 0.75000;
percentAccept = 99.79;
energy        =      -2.4631139;
variance      =       1.4663967;
error         =   0.00038293559;
