nsd           = 3;
nel           = 2;
potpar        = 2.00;
nmc           = 10000000;
nth           = 1000000;
nvp           = 2;
alpha = 2.6500;
beta = 0.80000;
percentAccept = 97.70;
energy        =      -2.1694349;
variance      =       6.5618592;
error         =   0.00081005304;
