nsd           = 3;
nel           = 2;
potpar        = 2.00;
nmc           = 10000000;
nth           = 1000000;
nvp           = 2;
alpha = 2.4500;
beta = 0.050000;
percentAccept = 98.41;
energy        =      -2.6590601;
variance      =       2.0678998;
error         =   0.00045474166;
