nsd           = 3;
nel           = 2;
potpar        = 2.00;
nmc           = 10000000;
nth           = 1000000;
nvp           = 2;
alpha = 1.7000;
beta = 0.65000;
percentAccept = 99.31;
energy        =      -2.8789487;
variance      =      0.34666017;
error         =   0.00018618812;
