nsd           = 3;
nel           = 2;
potpar        = 2.00;
nmc           = 10000000;
nth           = 1000000;
nvp           = 2;
alpha = 1.0500;
beta = 0.30000;
percentAccept = 99.83;
energy        =      -2.3176538;
variance      =       1.3887042;
error         =   0.00037265322;
