nsd           = 3;
nel           = 2;
potpar        = 2.00;
nmc           = 10000000;
nth           = 1000000;
nvp           = 2;
alpha = 2.0500;
beta = 0.65000;
percentAccept = 98.86;
energy        =      -2.8238228;
variance      =      0.18847258;
error         =   0.00013728532;
