nsd           = 3;
nel           = 2;
potpar        = 2.00;
nmc           = 10000000;
nth           = 1000000;
nvp           = 2;
alpha = 1.5500;
beta = 1.0000;
percentAccept = 99.44;
energy        =      -2.8394075;
variance      =      0.74139345;
error         =   0.00027228541;
