nsd           = 3;
nel           = 2;
potpar        = 2.00;
nmc           = 10000000;
nth           = 1000000;
nvp           = 2;
alpha = 2.6000;
beta = 0.40000;
percentAccept = 97.92;
energy        =      -2.3448077;
variance      =       4.8150080;
error         =   0.00069390259;
