nsd           = 3;
nel           = 2;
potpar        = 2.00;
nmc           = 10000000;
nth           = 1000000;
nvp           = 2;
alpha = 1.6000;
beta = 0.45000;
percentAccept = 99.43;
energy        =      -2.8458307;
variance      =      0.57071638;
error         =   0.00023889671;
