nsd           = 3;
nel           = 2;
potpar        = 2.00;
nmc           = 10000000;
nth           = 1000000;
nvp           = 2;
alpha = 1.8500;
beta = 0.85000;
percentAccept = 99.11;
energy        =      -2.8764444;
variance      =      0.14721278;
error         =   0.00012133127;
