nsd           = 3;
nel           = 2;
potpar        = 2.00;
nmc           = 10000000;
nth           = 1000000;
nvp           = 2;
alpha = 2.5000;
beta = 0.15000;
percentAccept = 98.24;
energy        =      -2.5638337;
variance      =       3.1052621;
error         =   0.00055724879;
