nsd           = 3;
nel           = 2;
potpar        = 2.00;
nmc           = 10000000;
nth           = 1000000;
nvp           = 2;
alpha = 2.8500;
beta = 0.45000;
percentAccept = 97.32;
energy        =      -1.9063031;
variance      =       11.628762;
error         =    0.0010783674;
