nsd           = 3;
nel           = 2;
potpar        = 2.00;
nmc           = 10000000;
nth           = 1000000;
nvp           = 2;
alpha = 2.1000;
beta = 0.15000;
percentAccept = 98.92;
energy        =      -2.8530126;
variance      =      0.21354454;
error         =   0.00014613163;
