nsd           = 3;
nel           = 2;
potpar        = 2.00;
nmc           = 10000000;
nth           = 1000000;
nvp           = 2;
alpha = 1.0000;
beta = 0.35000;
percentAccept = 99.85;
energy        =      -2.2645660;
variance      =       1.4941459;
error         =   0.00038654183;
