nsd           = 3;
nel           = 2;
potpar        = 2.00;
nmc           = 10000000;
nth           = 1000000;
nvp           = 2;
alpha = 2.5000;
beta = 0.95000;
percentAccept = 98.01;
energy        =      -2.3723580;
variance      =       3.7718295;
error         =   0.00061415222;
