nsd           = 3;
nel           = 2;
potpar        = 2.00;
nmc           = 10000000;
nth           = 1000000;
nvp           = 2;
alpha = 2.7500;
beta = 0.20000;
percentAccept = 97.68;
energy        =      -2.1988602;
variance      =       7.6378144;
error         =   0.00087394590;
