nsd           = 3;
nel           = 2;
potpar        = 2.00;
nmc           = 10000000;
nth           = 1000000;
nvp           = 2;
alpha = 2.3000;
beta = 0.10000;
percentAccept = 98.64;
energy        =      -2.7605957;
variance      =      0.93046446;
error         =   0.00030503516;
