nsd           = 3;
nel           = 2;
potpar        = 2.00;
nmc           = 10000000;
nth           = 1000000;
nvp           = 2;
alpha = 1.2500;
beta = 0.55000;
percentAccept = 99.71;
energy        =      -2.6116818;
variance      =       1.2905453;
error         =   0.00035924160;
