nsd           = 3;
nel           = 2;
potpar        = 2.00;
nmc           = 10000000;
nth           = 1000000;
nvp           = 2;
alpha = 1.6000;
beta = 0.30000;
percentAccept = 99.46;
energy        =      -2.8312215;
variance      =      0.57674052;
error         =   0.00024015423;
