nsd           = 3;
nel           = 2;
potpar        = 2.00;
nmc           = 10000000;
nth           = 1000000;
nvp           = 2;
alpha = 2.1000;
beta = 0.50000;
percentAccept = 98.81;
energy        =      -2.8123153;
variance      =      0.26389690;
error         =   0.00016244904;
