nsd           = 3;
nel           = 2;
potpar        = 2.00;
nmc           = 10000000;
nth           = 1000000;
nvp           = 2;
alpha = 1.9500;
beta = 0.75000;
percentAccept = 98.99;
energy        =      -2.8572033;
variance      =      0.10472046;
error         =   0.00010233301;
