nsd           = 3;
nel           = 2;
potpar        = 2.00;
nmc           = 10000000;
nth           = 1000000;
nvp           = 2;
alpha = 1.3500;
beta = 0.80000;
percentAccept = 99.62;
energy        =      -2.7177273;
variance      =       1.1026084;
error         =   0.00033205547;
