nsd           = 3;
nel           = 2;
potpar        = 2.00;
nmc           = 10000000;
nth           = 1000000;
nvp           = 2;
alpha = 1.4000;
beta = 0.60000;
percentAccept = 99.60;
energy        =      -2.7444052;
variance      =      0.98051112;
error         =   0.00031313114;
