nsd           = 3;
nel           = 2;
potpar        = 2.00;
nmc           = 10000000;
nth           = 1000000;
nvp           = 2;
alpha = 2.7500;
beta = 0.80000;
percentAccept = 97.47;
energy        =      -1.9956162;
variance      =       9.0990641;
error         =   0.00095389015;
