nsd           = 3;
nel           = 2;
potpar        = 2.00;
nmc           = 10000000;
nth           = 1000000;
nvp           = 2;
alpha = 1.1000;
beta = 0.65000;
percentAccept = 99.79;
energy        =      -2.4544763;
variance      =       1.4492978;
error         =   0.00038069644;
