nsd           = 3;
nel           = 2;
potpar        = 2.00;
nmc           = 10000000;
nth           = 1000000;
nvp           = 2;
alpha = 2.2000;
beta = 0.45000;
percentAccept = 98.66;
energy        =      -2.7573780;
variance      =      0.59271133;
error         =   0.00024345663;
