nsd           = 3;
nel           = 2;
potpar        = 2.00;
nmc           = 10000000;
nth           = 1000000;
nvp           = 2;
alpha = 2.3500;
beta = 1.0000;
percentAccept = 98.30;
energy        =      -2.5534773;
variance      =       1.9611581;
error         =   0.00044284964;
