nsd           = 3;
nel           = 2;
potpar        = 2.00;
nmc           = 10000000;
nth           = 1000000;
nvp           = 2;
alpha = 1.8500;
beta = 0.95000;
percentAccept = 99.10;
energy        =      -2.8732671;
variance      =      0.15565240;
error         =   0.00012476073;
