nsd           = 3;
nel           = 2;
potpar        = 2.00;
nmc           = 10000000;
nth           = 1000000;
nvp           = 2;
alpha = 1.2000;
beta = 0.60000;
percentAccept = 99.74;
energy        =      -2.5652135;
variance      =       1.3484048;
error         =   0.00036720632;
