nsd           = 3;
nel           = 2;
potpar        = 2.00;
nmc           = 10000000;
nth           = 1000000;
nvp           = 2;
alpha = 2.2500;
beta = 0.75000;
percentAccept = 98.52;
energy        =      -2.6789204;
variance      =       1.0142460;
error         =   0.00031847229;
