nsd           = 3;
nel           = 2;
potpar        = 2.00;
nmc           = 10000000;
nth           = 1000000;
nvp           = 2;
alpha = 1.1000;
beta = 0.050000;
percentAccept = 99.86;
energy        =      -2.1346960;
variance      =       1.2622774;
error         =   0.00035528544;
