nsd           = 3;
nel           = 2;
potpar        = 2.00;
nmc           = 10000000;
nth           = 1000000;
nvp           = 2;
alpha = 2.3000;
beta = 0.050000;
percentAccept = 98.68;
energy        =      -2.7741181;
variance      =      0.91439311;
error         =   0.00030238934;
