nsd           = 3;
nel           = 2;
potpar        = 2.00;
nmc           = 10000000;
nth           = 1000000;
nvp           = 2;
alpha = 1.3500;
beta = 0.30000;
percentAccept = 99.67;
energy        =      -2.6615984;
variance      =       1.0806713;
error         =   0.00032873566;
