nsd           = 3;
nel           = 2;
potpar        = 2.00;
nmc           = 10000000;
nth           = 1000000;
nvp           = 2;
alpha = 1.6500;
beta = 0.25000;
percentAccept = 99.42;
energy        =      -2.8449175;
variance      =      0.49737085;
error         =   0.00022301813;
