nsd           = 3;
nel           = 2;
potpar        = 2.00;
nmc           = 10000000;
nth           = 1000000;
nvp           = 2;
alpha = 1.1000;
beta = 0.40000;
percentAccept = 99.80;
energy        =      -2.4154327;
variance      =       1.4032244;
error         =   0.00037459637;
