nsd           = 3;
nel           = 2;
potpar        = 2.00;
nmc           = 10000000;
nth           = 1000000;
nvp           = 2;
alpha = 3.0000;
beta = 0.30000;
percentAccept = 97.00;
energy        =      -1.6727523;
variance      =       17.287003;
error         =    0.0013148005;
