nsd           = 3;
nel           = 2;
potpar        = 2.00;
nmc           = 10000000;
nth           = 1000000;
nvp           = 2;
alpha = 1.0000;
beta = 0.050000;
percentAccept = 99.90;
energy        =      -1.9666387;
variance      =       1.1834680;
error         =   0.00034401569;
