nsd           = 3;
nel           = 2;
potpar        = 2.00;
nmc           = 10000000;
nth           = 1000000;
nvp           = 2;
alpha = 1.5000;
beta = 0.25000;
percentAccept = 99.56;
energy        =      -2.7654134;
variance      =      0.82658556;
error         =   0.00028750401;
