nsd           = 3;
nel           = 2;
potpar        = 2.00;
nmc           = 10000000;
nth           = 1000000;
nvp           = 2;
alpha = 1.9000;
beta = 0.45000;
percentAccept = 99.10;
energy        =      -2.8835923;
variance      =     0.083263305;
error         =   9.1248729E-05;
