nsd           = 3;
nel           = 2;
potpar        = 2.00;
nmc           = 10000000;
nth           = 1000000;
nvp           = 2;
alpha = 1.7500;
beta = 0.55000;
percentAccept = 99.26;
energy        =      -2.8855085;
variance      =      0.26558848;
error         =   0.00016296885;
