nsd           = 3;
nel           = 2;
potpar        = 2.00;
nmc           = 10000000;
nth           = 1000000;
nvp           = 2;
alpha = 2.4000;
beta = 0.30000;
percentAccept = 98.36;
energy        =      -2.6179082;
variance      =       1.9331947;
error         =   0.00043968110;
