nsd           = 3;
nel           = 2;
potpar        = 2.00;
nmc           = 10000000;
nth           = 1000000;
nvp           = 2;
alpha = 2.2000;
beta = 0.95000;
percentAccept = 98.58;
energy        =      -2.7019135;
variance      =      0.81265926;
error         =   0.00028507179;
