nsd           = 3;
nel           = 2;
potpar        = 2.00;
nmc           = 10000000;
nth           = 1000000;
nvp           = 2;
alpha = 1.6000;
beta = 1.0000;
percentAccept = 99.39;
energy        =      -2.8564078;
variance      =      0.58792754;
error         =   0.00024247217;
