nsd           = 3;
nel           = 2;
potpar        = 2.00;
nmc           = 10000000;
nth           = 1000000;
nvp           = 2;
alpha = 2.6500;
beta = 0.15000;
percentAccept = 97.93;
energy        =      -2.3763075;
variance      =       5.2303196;
error         =   0.00072320949;
