nsd           = 3;
nel           = 2;
potpar        = 2.00;
nmc           = 10000000;
nth           = 1000000;
nvp           = 2;
alpha = 1.1500;
beta = 0.050000;
percentAccept = 99.84;
energy        =      -2.2134037;
variance      =       1.2415301;
error         =   0.00035235353;
