nsd           = 3;
nel           = 2;
potpar        = 2.00;
nmc           = 10000000;
nth           = 1000000;
nvp           = 2;
alpha = 1.4000;
beta = 0.40000;
percentAccept = 99.62;
energy        =      -2.7235171;
variance      =      0.98022880;
error         =   0.00031308606;
