nsd           = 3;
nel           = 2;
potpar        = 2.00;
nmc           = 10000000;
nth           = 1000000;
nvp           = 2;
alpha = 2.3500;
beta = 0.50000;
percentAccept = 98.39;
energy        =      -2.6224290;
variance      =       1.6274406;
error         =   0.00040341550;
