nsd           = 3;
nel           = 2;
potpar        = 2.00;
nmc           = 10000000;
nth           = 1000000;
nvp           = 2;
alpha = 2.0500;
beta = 0.95000;
percentAccept = 98.82;
energy        =      -2.8032316;
variance      =      0.26007736;
error         =   0.00016126914;
