nsd           = 3;
nel           = 2;
potpar        = 2.00;
nmc           = 10000000;
nth           = 1000000;
nvp           = 2;
alpha = 1.2500;
beta = 0.15000;
percentAccept = 99.76;
energy        =      -2.4880138;
variance      =       1.2066365;
error         =   0.00034736673;
