nsd           = 3;
nel           = 2;
potpar        = 2.00;
nmc           = 10000000;
nth           = 1000000;
nvp           = 2;
alpha = 1.2000;
beta = 0.25000;
percentAccept = 99.77;
energy        =      -2.4889005;
variance      =       1.2988602;
error         =   0.00036039703;
