nsd           = 3;
nel           = 2;
potpar        = 2.00;
nmc           = 10000000;
nth           = 1000000;
nvp           = 2;
alpha = 2.6000;
beta = 0.050000;
percentAccept = 98.12;
energy        =      -2.4999024;
variance      =       3.9845250;
error         =   0.00063123094;
