nsd           = 3;
nel           = 2;
potpar        = 2.00;
nmc           = 10000000;
nth           = 1000000;
nvp           = 2;
alpha = 1.4000;
beta = 0.90000;
percentAccept = 99.58;
energy        =      -2.7578443;
variance      =       1.0165845;
error         =   0.00031883923;
