nsd           = 3;
nel           = 2;
potpar        = 2.00;
nmc           = 10000000;
nth           = 1000000;
nvp           = 2;
alpha = 2.5500;
beta = 0.85000;
percentAccept = 97.91;
energy        =      -2.3154509;
variance      =       4.7068477;
error         =   0.00068606470;
