nsd           = 3;
nel           = 2;
potpar        = 2.00;
nmc           = 10000000;
nth           = 1000000;
nvp           = 2;
alpha = 2.3500;
beta = 0.050000;
percentAccept = 98.59;
energy        =      -2.7409758;
variance      =       1.2212530;
error         =   0.00034946430;
