nsd           = 3;
nel           = 2;
potpar        = 2.00;
nmc           = 10000000;
nth           = 1000000;
nvp           = 2;
alpha = 2.6000;
beta = 0.30000;
percentAccept = 97.96;
energy        =      -2.3792165;
variance      =       4.6413954;
error         =   0.00068127787;
