nsd           = 3;
nel           = 2;
potpar        = 2.00;
nmc           = 10000000;
nth           = 1000000;
nvp           = 2;
alpha = 2.5500;
beta = 0.55000;
percentAccept = 97.98;
energy        =      -2.3737529;
variance      =       4.1586842;
error         =   0.00064487861;
