nsd           = 3;
nel           = 2;
potpar        = 2.00;
nmc           = 10000000;
nth           = 1000000;
nvp           = 2;
alpha = 1.3500;
beta = 0.55000;
percentAccept = 99.64;
energy        =      -2.7020832;
variance      =       1.0999001;
error         =   0.00033164741;
