nsd           = 3;
nel           = 2;
potpar        = 2.00;
nmc           = 10000000;
nth           = 1000000;
nvp           = 2;
alpha = 1.5000;
beta = 0.75000;
percentAccept = 99.50;
energy        =      -2.8129178;
variance      =      0.77258034;
error         =   0.00027795329;
