nsd           = 3;
nel           = 2;
potpar        = 2.00;
nmc           = 10000000;
nth           = 1000000;
nvp           = 2;
alpha = 2.3000;
beta = 0.65000;
percentAccept = 98.45;
energy        =      -2.6463687;
variance      =       1.3202275;
error         =   0.00036334935;
