nsd           = 3;
nel           = 2;
potpar        = 2.00;
nmc           = 10000000;
nth           = 1000000;
nvp           = 2;
alpha = 1.4000;
beta = 0.50000;
percentAccept = 99.60;
energy        =      -2.7359302;
variance      =      0.98165513;
error         =   0.00031331376;
