nsd           = 3;
nel           = 2;
potpar        = 2.00;
nmc           = 10000000;
nth           = 1000000;
nvp           = 2;
alpha = 1.4000;
beta = 0.25000;
percentAccept = 99.64;
energy        =      -2.6898099;
variance      =       1.0011689;
error         =   0.00031641253;
