nsd           = 3;
nel           = 2;
potpar        = 2.00;
nmc           = 10000000;
nth           = 1000000;
nvp           = 2;
alpha = 3.0000;
beta = 0.60000;
percentAccept = 96.88;
energy        =      -1.5404278;
variance      =       17.804091;
error         =    0.0013343197;
