nsd           = 3;
nel           = 2;
potpar        = 2.00;
nmc           = 10000000;
nth           = 1000000;
nvp           = 2;
alpha = 2.0500;
beta = 0.30000;
percentAccept = 98.93;
energy        =      -2.8555355;
variance      =      0.13071623;
error         =   0.00011433120;
