nsd           = 3;
nel           = 2;
potpar        = 2.00;
nmc           = 10000000;
nth           = 1000000;
nvp           = 2;
alpha = 2.4000;
beta = 0.40000;
percentAccept = 98.32;
energy        =      -2.5925552;
variance      =       2.0043342;
error         =   0.00044769792;
