nsd           = 3;
nel           = 2;
potpar        = 2.00;
nmc           = 10000000;
nth           = 1000000;
nvp           = 2;
alpha = 2.3000;
beta = 0.15000;
percentAccept = 98.61;
energy        =      -2.7465933;
variance      =      0.96316164;
error         =   0.00031034846;
