nsd           = 3;
nel           = 2;
potpar        = 2.00;
nmc           = 10000000;
nth           = 1000000;
nvp           = 2;
alpha = 2.0000;
beta = 0.55000;
percentAccept = 98.95;
energy        =      -2.8525091;
variance      =      0.10387604;
error         =   0.00010191959;
