nsd           = 3;
nel           = 2;
potpar        = 2.00;
nmc           = 10000000;
nth           = 1000000;
nvp           = 2;
alpha = 1.8500;
beta = 0.45000;
percentAccept = 99.16;
energy        =      -2.8886675;
variance      =      0.12154184;
error         =   0.00011024602;
