nsd           = 3;
nel           = 2;
potpar        = 2.00;
nmc           = 10000000;
nth           = 1000000;
nvp           = 2;
alpha = 2.9500;
beta = 0.80000;
percentAccept = 96.96;
energy        =      -1.5919199;
variance      =       16.649028;
error         =    0.0012903111;
