nsd           = 3;
nel           = 2;
potpar        = 2.00;
nmc           = 10000000;
nth           = 1000000;
nvp           = 2;
alpha = 1.7500;
beta = 0.10000;
percentAccept = 99.38;
energy        =      -2.8447035;
variance      =      0.37331227;
error         =   0.00019321291;
