nsd           = 3;
nel           = 2;
potpar        = 2.00;
nmc           = 10000000;
nth           = 1000000;
nvp           = 2;
alpha = 1.1000;
beta = 0.80000;
percentAccept = 99.79;
energy        =      -2.4664632;
variance      =       1.4565534;
error         =   0.00038164819;
