nsd           = 3;
nel           = 2;
potpar        = 2.00;
nmc           = 10000000;
nth           = 1000000;
nvp           = 2;
alpha = 3.0000;
beta = 0.25000;
percentAccept = 97.03;
energy        =      -1.7015400;
variance      =       16.142356;
error         =    0.0012705257;
