nsd           = 3;
nel           = 2;
potpar        = 2.00;
nmc           = 10000000;
nth           = 1000000;
nvp           = 2;
alpha = 1.8500;
beta = 0.20000;
percentAccept = 99.23;
energy        =      -2.8863420;
variance      =      0.16867479;
error         =   0.00012987486;
