nsd           = 3;
nel           = 2;
potpar        = 2.00;
nmc           = 10000000;
nth           = 1000000;
nvp           = 2;
alpha = 1.1000;
beta = 0.10000;
percentAccept = 99.84;
energy        =      -2.2344584;
variance      =       1.2787521;
error         =   0.00035759644;
