nsd           = 3;
nel           = 2;
potpar        = 2.00;
nmc           = 10000000;
nth           = 1000000;
nvp           = 2;
alpha = 1.8500;
beta = 0.35000;
percentAccept = 99.18;
energy        =      -2.8901328;
variance      =      0.12969607;
error         =   0.00011388418;
