nsd           = 3;
nel           = 2;
potpar        = 2.00;
nmc           = 10000000;
nth           = 1000000;
nvp           = 2;
alpha = 2.7500;
beta = 0.70000;
percentAccept = 97.49;
energy        =      -2.0177289;
variance      =       8.9107644;
error         =   0.00094396845;
