nsd           = 3;
nel           = 2;
potpar        = 2.00;
nmc           = 10000000;
nth           = 1000000;
nvp           = 2;
alpha = 2.8500;
beta = 0.65000;
percentAccept = 97.26;
energy        =      -1.8422104;
variance      =       12.016815;
error         =    0.0010962123;
