nsd           = 3;
nel           = 2;
potpar        = 2.00;
nmc           = 10000000;
nth           = 1000000;
nvp           = 2;
alpha = 2.1500;
beta = 0.15000;
percentAccept = 98.85;
energy        =      -2.8335426;
variance      =      0.32671773;
error         =   0.00018075335;
