nsd           = 3;
nel           = 2;
potpar        = 2.00;
nmc           = 10000000;
nth           = 1000000;
nvp           = 2;
alpha = 2.7000;
beta = 1.0000;
percentAccept = 97.55;
energy        =      -2.0495689;
variance      =       7.9479353;
error         =   0.00089151194;
