nsd           = 3;
nel           = 2;
potpar        = 2.00;
nmc           = 10000000;
nth           = 1000000;
nvp           = 2;
alpha = 1.0000;
beta = 0.25000;
percentAccept = 99.86;
energy        =      -2.2225077;
variance      =       1.3871678;
error         =   0.00037244701;
