nsd           = 3;
nel           = 2;
potpar        = 2.00;
nmc           = 10000000;
nth           = 1000000;
nvp           = 2;
alpha = 1.5500;
beta = 0.30000;
percentAccept = 99.51;
energy        =      -2.8062835;
variance      =      0.69482286;
error         =   0.00026359493;
