nsd           = 3;
nel           = 2;
potpar        = 2.00;
nmc           = 10000000;
nth           = 1000000;
nvp           = 2;
alpha = 1.1000;
beta = 1.0000;
percentAccept = 99.78;
energy        =      -2.4768732;
variance      =       1.5284153;
error         =   0.00039094953;
