nsd           = 3;
nel           = 2;
potpar        = 2.00;
nmc           = 10000000;
nth           = 1000000;
nvp           = 2;
alpha = 2.5000;
beta = 0.65000;
percentAccept = 98.06;
energy        =      -2.4201226;
variance      =       3.4963713;
error         =   0.00059130122;
