nsd           = 3;
nel           = 2;
potpar        = 2.00;
nmc           = 10000000;
nth           = 1000000;
nvp           = 2;
alpha = 2.5500;
beta = 0.050000;
percentAccept = 98.22;
energy        =      -2.5578569;
variance      =       3.2517407;
error         =   0.00057024036;
