nsd           = 3;
nel           = 2;
potpar        = 2.00;
nmc           = 10000000;
nth           = 1000000;
nvp           = 2;
alpha = 1.6500;
beta = 0.75000;
percentAccept = 99.35;
energy        =      -2.8692217;
variance      =      0.49377427;
error         =   0.00022221032;
