nsd           = 3;
nel           = 2;
potpar        = 2.00;
nmc           = 10000000;
nth           = 1000000;
nvp           = 2;
alpha = 1.8500;
beta = 0.55000;
percentAccept = 99.14;
energy        =      -2.8859879;
variance      =      0.12048144;
error         =   0.00010976404;
