nsd           = 3;
nel           = 2;
potpar        = 2.00;
nmc           = 10000000;
nth           = 1000000;
nvp           = 2;
alpha = 2.4500;
beta = 1.0000;
percentAccept = 98.10;
energy        =      -2.4333010;
variance      =       3.1044122;
error         =   0.00055717253;
