nsd           = 3;
nel           = 2;
potpar        = 2.00;
nmc           = 10000000;
nth           = 1000000;
nvp           = 2;
alpha = 1.5500;
beta = 0.85000;
percentAccept = 99.45;
energy        =      -2.8379910;
variance      =      0.68073431;
error         =   0.00026090886;
