nsd           = 3;
nel           = 2;
potpar        = 2.00;
nmc           = 10000000;
nth           = 1000000;
nvp           = 2;
alpha = 2.2000;
beta = 0.60000;
percentAccept = 98.63;
energy        =      -2.7371694;
variance      =      0.65734480;
error         =   0.00025638736;
