nsd           = 3;
nel           = 2;
potpar        = 2.00;
nmc           = 10000000;
nth           = 1000000;
nvp           = 2;
alpha = 2.7500;
beta = 1.0000;
percentAccept = 97.43;
energy        =      -1.9586703;
variance      =       9.5512523;
error         =   0.00097730509;
