nsd           = 3;
nel           = 2;
potpar        = 2.00;
nmc           = 10000000;
nth           = 1000000;
nvp           = 2;
alpha = 2.3000;
beta = 1.0000;
percentAccept = 98.40;
energy        =      -2.6062555;
variance      =       1.5001778;
error         =   0.00038732129;
