nsd           = 3;
nel           = 2;
potpar        = 2.00;
nmc           = 10000000;
nth           = 1000000;
nvp           = 2;
alpha = 1.3000;
beta = 0.80000;
percentAccept = 99.66;
energy        =      -2.6768577;
variance      =       1.2240075;
error         =   0.00034985819;
