nsd           = 3;
nel           = 2;
potpar        = 2.00;
nmc           = 10000000;
nth           = 1000000;
nvp           = 2;
alpha = 2.5000;
beta = 0.80000;
percentAccept = 98.03;
energy        =      -2.3941264;
variance      =       3.6388278;
error         =   0.00060322697;
