nsd           = 3;
nel           = 2;
potpar        = 2.00;
nmc           = 10000000;
nth           = 1000000;
nvp           = 2;
alpha = 2.5500;
beta = 0.95000;
percentAccept = 97.90;
energy        =      -2.3007461;
variance      =       4.6495838;
error         =   0.00068187857;
