nsd           = 3;
nel           = 2;
potpar        = 2.00;
nmc           = 10000000;
nth           = 1000000;
nvp           = 2;
alpha = 1.1500;
beta = 0.30000;
percentAccept = 99.79;
energy        =      -2.4487077;
variance      =       1.3362251;
error         =   0.00036554413;
