nsd           = 3;
nel           = 2;
potpar        = 2.00;
nmc           = 10000000;
nth           = 1000000;
nvp           = 2;
alpha = 2.4500;
beta = 0.80000;
percentAccept = 98.13;
energy        =      -2.4595278;
variance      =       3.0059804;
error         =   0.00054826822;
