nsd           = 3;
nel           = 2;
potpar        = 2.00;
nmc           = 10000000;
nth           = 1000000;
nvp           = 2;
alpha = 1.5000;
beta = 0.55000;
percentAccept = 99.52;
energy        =      -2.8045799;
variance      =      0.76776813;
error         =   0.00027708629;
