nsd           = 3;
nel           = 2;
potpar        = 2.00;
nmc           = 10000000;
nth           = 1000000;
nvp           = 2;
alpha = 2.4000;
beta = 0.050000;
percentAccept = 98.50;
energy        =      -2.7021982;
variance      =       1.6308494;
error         =   0.00040383777;
