nsd           = 3;
nel           = 2;
potpar        = 2.00;
nmc           = 10000000;
nth           = 1000000;
nvp           = 2;
alpha = 2.1000;
beta = 0.95000;
percentAccept = 98.75;
energy        =      -2.7742351;
variance      =      0.38799747;
error         =   0.00019697651;
