nsd           = 3;
nel           = 2;
potpar        = 2.00;
nmc           = 10000000;
nth           = 1000000;
nvp           = 2;
alpha = 2.3000;
beta = 0.30000;
percentAccept = 98.54;
energy        =      -2.7091825;
variance      =       1.0654228;
error         =   0.00032640815;
