nsd           = 3;
nel           = 2;
potpar        = 2.00;
nmc           = 10000000;
nth           = 1000000;
nvp           = 2;
alpha = 2.2500;
beta = 0.60000;
percentAccept = 98.54;
energy        =      -2.6977187;
variance      =      0.93008553;
error         =   0.00030497304;
