nsd           = 3;
nel           = 2;
potpar        = 2.00;
nmc           = 10000000;
nth           = 1000000;
nvp           = 2;
alpha = 1.1500;
beta = 0.10000;
percentAccept = 99.82;
energy        =      -2.3064407;
variance      =       1.2912700;
error         =   0.00035934245;
