nsd           = 3;
nel           = 2;
potpar        = 2.00;
nmc           = 10000000;
nth           = 1000000;
nvp           = 2;
alpha = 2.4000;
beta = 0.65000;
percentAccept = 98.26;
energy        =      -2.5430241;
variance      =       2.2223667;
error         =   0.00047141985;
