nsd           = 3;
nel           = 2;
potpar        = 2.00;
nmc           = 10000000;
nth           = 1000000;
nvp           = 2;
alpha = 1.8000;
beta = 0.20000;
percentAccept = 99.28;
energy        =      -2.8803761;
variance      =      0.23772134;
error         =   0.00015418215;
