nsd           = 3;
nel           = 2;
potpar        = 2.00;
nmc           = 10000000;
nth           = 1000000;
nvp           = 2;
alpha = 2.0000;
beta = 0.95000;
percentAccept = 98.90;
energy        =      -2.8279375;
variance      =      0.17774710;
error         =   0.00013332183;
