nsd           = 3;
nel           = 2;
potpar        = 2.00;
nmc           = 10000000;
nth           = 1000000;
nvp           = 2;
alpha = 2.8000;
beta = 0.80000;
percentAccept = 97.35;
energy        =      -1.9012599;
variance      =       10.904964;
error         =    0.0010442683;
