nsd           = 3;
nel           = 2;
potpar        = 2.00;
nmc           = 10000000;
nth           = 1000000;
nvp           = 2;
alpha = 2.0000;
beta = 0.10000;
percentAccept = 99.08;
energy        =      -2.8771715;
variance      =      0.13630648;
error         =   0.00011675037;
