nsd           = 3;
nel           = 2;
potpar        = 2.00;
nmc           = 10000000;
nth           = 1000000;
nvp           = 2;
alpha = 2.2500;
beta = 0.85000;
percentAccept = 98.50;
energy        =      -2.6682585;
variance      =       1.0563789;
error         =   0.00032501983;
