nsd           = 3;
nel           = 2;
potpar        = 2.00;
nmc           = 10000000;
nth           = 1000000;
nvp           = 2;
alpha = 2.2500;
beta = 0.10000;
percentAccept = 98.72;
energy        =      -2.7917454;
variance      =      0.68499826;
error         =   0.00026172471;
