nsd           = 3;
nel           = 2;
potpar        = 2.00;
nmc           = 10000000;
nth           = 1000000;
nvp           = 2;
alpha = 1.7000;
beta = 0.050000;
percentAccept = 99.46;
energy        =      -2.7942607;
variance      =      0.53904958;
error         =   0.00023217441;
