nsd           = 3;
nel           = 2;
potpar        = 2.00;
nmc           = 10000000;
nth           = 1000000;
nvp           = 2;
alpha = 2.0500;
beta = 0.70000;
percentAccept = 98.85;
energy        =      -2.8199487;
variance      =      0.20010945;
error         =   0.00014146005;
