nsd           = 3;
nel           = 2;
potpar        = 2.00;
nmc           = 10000000;
nth           = 1000000;
nvp           = 2;
alpha = 1.2000;
beta = 0.30000;
percentAccept = 99.76;
energy        =      -2.5083259;
variance      =       1.3081192;
error         =   0.00036167930;
