nsd           = 3;
nel           = 2;
potpar        = 2.00;
nmc           = 10000000;
nth           = 1000000;
nvp           = 2;
alpha = 2.0000;
beta = 0.50000;
percentAccept = 98.95;
energy        =      -2.8561354;
variance      =     0.096957159;
error         =   9.8466826E-05;
