nsd           = 3;
nel           = 2;
potpar        = 2.00;
nmc           = 10000000;
nth           = 1000000;
nvp           = 2;
alpha = 2.1500;
beta = 0.40000;
percentAccept = 98.75;
energy        =      -2.7965834;
variance      =      0.37705890;
error         =   0.00019418004;
