nsd           = 3;
nel           = 2;
potpar        = 2.00;
nmc           = 10000000;
nth           = 1000000;
nvp           = 2;
alpha = 2.8500;
beta = 0.35000;
percentAccept = 97.36;
energy        =      -1.9485388;
variance      =       10.968924;
error         =    0.0010473263;
