nsd           = 3;
nel           = 2;
potpar        = 2.00;
nmc           = 10000000;
nth           = 1000000;
nvp           = 2;
alpha = 2.3500;
beta = 0.35000;
percentAccept = 98.43;
energy        =      -2.6534981;
variance      =       1.5242903;
error         =   0.00039042160;
