nsd           = 3;
nel           = 2;
potpar        = 2.00;
nmc           = 10000000;
nth           = 1000000;
nvp           = 2;
alpha = 2.2000;
beta = 0.050000;
percentAccept = 98.84;
energy        =      -2.8261436;
variance      =      0.47452172;
error         =   0.00021783519;
