nsd           = 3;
nel           = 2;
potpar        = 2.00;
nmc           = 10000000;
nth           = 1000000;
nvp           = 2;
alpha = 1.3000;
beta = 0.75000;
percentAccept = 99.66;
energy        =      -2.6742492;
variance      =       1.2245571;
error         =   0.00034993673;
