nsd           = 3;
nel           = 2;
potpar        = 2.00;
nmc           = 10000000;
nth           = 1000000;
nvp           = 2;
alpha = 3.0000;
beta = 0.45000;
percentAccept = 96.94;
energy        =      -1.6004236;
variance      =       16.675376;
error         =    0.0012913317;
