nsd           = 3;
nel           = 2;
potpar        = 2.00;
nmc           = 10000000;
nth           = 1000000;
nvp           = 2;
alpha = 2.6000;
beta = 0.55000;
percentAccept = 97.87;
energy        =      -2.3024504;
variance      =       5.0896702;
error         =   0.00071341925;
