nsd           = 3;
nel           = 2;
potpar        = 2.00;
nmc           = 10000000;
nth           = 1000000;
nvp           = 2;
alpha = 2.3500;
beta = 0.70000;
percentAccept = 98.34;
energy        =      -2.5894919;
variance      =       1.7680650;
error         =   0.00042048365;
