nsd           = 3;
nel           = 2;
potpar        = 2.00;
nmc           = 10000000;
nth           = 1000000;
nvp           = 2;
alpha = 1.8000;
beta = 0.65000;
percentAccept = 99.19;
energy        =      -2.8860649;
variance      =      0.17970428;
error         =   0.00013405382;
