nsd           = 3;
nel           = 2;
potpar        = 2.00;
nmc           = 10000000;
nth           = 1000000;
nvp           = 2;
alpha = 1.6000;
beta = 0.40000;
percentAccept = 99.44;
energy        =      -2.8422248;
variance      =      0.57198552;
error         =   0.00023916219;
