nsd           = 3;
nel           = 2;
potpar        = 2.00;
nmc           = 10000000;
nth           = 1000000;
nvp           = 2;
alpha = 2.8000;
beta = 0.25000;
percentAccept = 97.53;
energy        =      -2.0879305;
variance      =       9.1380894;
error         =   0.00095593354;
