nsd           = 3;
nel           = 2;
potpar        = 2.00;
nmc           = 10000000;
nth           = 1000000;
nvp           = 2;
alpha = 1.2500;
beta = 0.60000;
percentAccept = 99.70;
energy        =      -2.6168842;
variance      =       1.3009275;
error         =   0.00036068372;
