nsd           = 3;
nel           = 2;
potpar        = 2.00;
nmc           = 10000000;
nth           = 1000000;
nvp           = 2;
alpha = 1.9000;
beta = 0.80000;
percentAccept = 99.05;
energy        =      -2.8685747;
variance      =      0.10980894;
error         =   0.00010478976;
