nsd           = 3;
nel           = 2;
potpar        = 2.00;
nmc           = 10000000;
nth           = 1000000;
nvp           = 2;
alpha = 1.4500;
beta = 0.90000;
percentAccept = 99.54;
energy        =      -2.7892476;
variance      =      0.90339117;
error         =   0.00030056466;
