nsd           = 3;
nel           = 2;
potpar        = 2.00;
nmc           = 10000000;
nth           = 1000000;
nvp           = 2;
alpha = 2.9000;
beta = 0.25000;
percentAccept = 97.29;
energy        =      -1.9036045;
variance      =       12.639555;
error         =    0.0011242578;
