nsd           = 3;
nel           = 2;
potpar        = 2.00;
nmc           = 10000000;
nth           = 1000000;
nvp           = 2;
alpha = 1.6500;
beta = 0.85000;
percentAccept = 99.35;
energy        =      -2.8691899;
variance      =      0.45239560;
error         =   0.00021269593;
