nsd           = 3;
nel           = 2;
potpar        = 2.00;
nmc           = 10000000;
nth           = 1000000;
nvp           = 2;
alpha = 2.9500;
beta = 0.90000;
percentAccept = 96.94;
energy        =      -1.5681976;
variance      =       16.549838;
error         =    0.0012864617;
