nsd           = 3;
nel           = 2;
potpar        = 2.00;
nmc           = 10000000;
nth           = 1000000;
nvp           = 2;
alpha = 1.1500;
beta = 0.35000;
percentAccept = 99.78;
energy        =      -2.4648953;
variance      =       1.3638711;
error         =   0.00036930626;
