nsd           = 3;
nel           = 2;
potpar        = 2.00;
nmc           = 10000000;
nth           = 1000000;
nvp           = 2;
alpha = 1.3500;
beta = 0.50000;
percentAccept = 99.64;
energy        =      -2.6970196;
variance      =       1.1103107;
error         =   0.00033321325;
