nsd           = 3;
nel           = 2;
potpar        = 2.00;
nmc           = 10000000;
nth           = 1000000;
nvp           = 2;
alpha = 1.3500;
beta = 0.35000;
percentAccept = 99.66;
energy        =      -2.6735328;
variance      =       1.0740396;
error         =   0.00032772543;
