nsd           = 3;
nel           = 2;
potpar        = 2.00;
nmc           = 10000000;
nth           = 1000000;
nvp           = 2;
alpha = 1.7000;
beta = 0.20000;
percentAccept = 99.39;
energy        =      -2.8547770;
variance      =      0.43008226;
error         =   0.00020738425;
