nsd           = 3;
nel           = 2;
potpar        = 2.00;
nmc           = 10000000;
nth           = 1000000;
nvp           = 2;
alpha = 2.5000;
beta = 0.50000;
percentAccept = 98.10;
energy        =      -2.4524166;
variance      =       3.3070814;
error         =   0.00057507229;
