nsd           = 3;
nel           = 2;
potpar        = 2.00;
nmc           = 10000000;
nth           = 1000000;
nvp           = 2;
alpha = 2.5500;
beta = 0.40000;
percentAccept = 98.02;
energy        =      -2.4133864;
variance      =       4.0920865;
error         =   0.00063969418;
