nsd           = 3;
nel           = 2;
potpar        = 2.00;
nmc           = 10000000;
nth           = 1000000;
nvp           = 2;
alpha = 1.8500;
beta = 0.80000;
percentAccept = 99.12;
energy        =      -2.8780505;
variance      =      0.13889827;
error         =   0.00011785511;
