nsd           = 3;
nel           = 2;
potpar        = 2.00;
nmc           = 10000000;
nth           = 1000000;
nvp           = 2;
alpha = 1.0000;
beta = 0.10000;
percentAccept = 99.88;
energy        =      -2.0802571;
variance      =       1.2748744;
error         =   0.00035705383;
