nsd           = 3;
nel           = 2;
potpar        = 2.00;
nmc           = 10000000;
nth           = 1000000;
nvp           = 2;
alpha = 1.8500;
beta = 0.40000;
percentAccept = 99.17;
energy        =      -2.8895903;
variance      =      0.12384967;
error         =   0.00011128777;
