nsd           = 3;
nel           = 2;
potpar        = 2.00;
nmc           = 10000000;
nth           = 1000000;
nvp           = 2;
alpha = 1.6000;
beta = 0.15000;
percentAccept = 99.50;
energy        =      -2.7947254;
variance      =      0.64889319;
error         =   0.00025473382;
