nsd           = 3;
nel           = 2;
potpar        = 2.00;
nmc           = 10000000;
nth           = 1000000;
nvp           = 2;
alpha = 1.6500;
beta = 1.0000;
percentAccept = 99.34;
energy        =      -2.8686509;
variance      =      0.45762863;
error         =   0.00021392256;
