nsd           = 3;
nel           = 2;
potpar        = 2.00;
nmc           = 10000000;
nth           = 1000000;
nvp           = 2;
alpha = 2.9000;
beta = 0.95000;
percentAccept = 97.06;
energy        =      -1.6672694;
variance      =       14.449495;
error         =    0.0012020605;
