nsd           = 3;
nel           = 2;
potpar        = 2.00;
nmc           = 10000000;
nth           = 1000000;
nvp           = 2;
alpha = 1.4500;
beta = 0.40000;
percentAccept = 99.57;
energy        =      -2.7599720;
variance      =      0.88833687;
error         =   0.00029804981;
