nsd           = 3;
nel           = 2;
potpar        = 2.00;
nmc           = 10000000;
nth           = 1000000;
nvp           = 2;
alpha = 2.5000;
beta = 0.050000;
percentAccept = 98.32;
energy        =      -2.6101814;
variance      =       2.6686578;
error         =   0.00051659053;
