nsd           = 3;
nel           = 2;
potpar        = 2.00;
nmc           = 10000000;
nth           = 1000000;
nvp           = 2;
alpha = 1.1500;
beta = 1.0000;
percentAccept = 99.75;
energy        =      -2.5355134;
variance      =       1.4827018;
error         =   0.00038505867;
