nsd           = 3;
nel           = 2;
potpar        = 2.00;
nmc           = 10000000;
nth           = 1000000;
nvp           = 2;
alpha = 1.2500;
beta = 0.95000;
percentAccept = 99.69;
energy        =      -2.6376158;
variance      =       1.3469879;
error         =   0.00036701334;
