nsd           = 3;
nel           = 2;
potpar        = 2.00;
nmc           = 10000000;
nth           = 1000000;
nvp           = 2;
alpha = 2.7000;
beta = 0.80000;
percentAccept = 97.59;
energy        =      -2.0851557;
variance      =       7.7896509;
error         =   0.00088258999;
