nsd           = 3;
nel           = 2;
potpar        = 2.00;
nmc           = 10000000;
nth           = 1000000;
nvp           = 2;
alpha = 1.4500;
beta = 0.10000;
percentAccept = 99.64;
energy        =      -2.6536635;
variance      =      0.94919395;
error         =   0.00030808991;
