nsd           = 3;
nel           = 2;
potpar        = 2.00;
nmc           = 10000000;
nth           = 1000000;
nvp           = 2;
alpha = 1.7500;
beta = 0.90000;
percentAccept = 99.23;
energy        =      -2.8811189;
variance      =      0.26524035;
error         =   0.00016286201;
