nsd           = 3;
nel           = 2;
potpar        = 2.00;
nmc           = 10000000;
nth           = 1000000;
nvp           = 2;
alpha = 2.8000;
beta = 0.90000;
percentAccept = 97.33;
energy        =      -1.8815004;
variance      =       10.847463;
error         =    0.0010415116;
