nsd           = 3;
nel           = 2;
potpar        = 2.00;
nmc           = 10000000;
nth           = 1000000;
nvp           = 2;
alpha = 1.7500;
beta = 0.20000;
percentAccept = 99.34;
energy        =      -2.8698066;
variance      =      0.31351760;
error         =   0.00017706428;
