nsd           = 3;
nel           = 2;
potpar        = 2.00;
nmc           = 10000000;
nth           = 1000000;
nvp           = 2;
alpha = 1.8000;
beta = 0.45000;
percentAccept = 99.22;
energy        =      -2.8890428;
variance      =      0.18658403;
error         =   0.00013659576;
