nsd           = 3;
nel           = 2;
potpar        = 2.00;
nmc           = 10000000;
nth           = 1000000;
nvp           = 2;
alpha = 1.3000;
beta = 0.25000;
percentAccept = 99.71;
energy        =      -2.5978020;
variance      =       1.1930696;
error         =   0.00034540839;
