nsd           = 3;
nel           = 2;
potpar        = 2.00;
nmc           = 10000000;
nth           = 1000000;
nvp           = 2;
alpha = 2.0000;
beta = 0.85000;
percentAccept = 98.91;
energy        =      -2.8332690;
variance      =      0.15783288;
error         =   0.00012563156;
