nsd           = 3;
nel           = 2;
potpar        = 2.00;
nmc           = 10000000;
nth           = 1000000;
nvp           = 2;
alpha = 2.7000;
beta = 0.95000;
percentAccept = 97.56;
energy        =      -2.0576435;
variance      =       7.9038912;
error         =   0.00088903831;
