nsd           = 3;
nel           = 2;
potpar        = 2.00;
nmc           = 10000000;
nth           = 1000000;
nvp           = 2;
alpha = 2.9000;
beta = 1.0000;
percentAccept = 97.06;
energy        =      -1.6574621;
variance      =       14.616943;
error         =    0.0012090055;
