nsd           = 3;
nel           = 2;
potpar        = 2.00;
nmc           = 10000000;
nth           = 1000000;
nvp           = 2;
alpha = 2.3000;
beta = 0.90000;
percentAccept = 98.41;
energy        =      -2.6162316;
variance      =       1.4450600;
error         =   0.00038013945;
