nsd           = 3;
nel           = 2;
potpar        = 2.00;
nmc           = 10000000;
nth           = 1000000;
nvp           = 2;
alpha = 2.4500;
beta = 0.35000;
percentAccept = 98.24;
energy        =      -2.5509446;
variance      =       2.4606097;
error         =   0.00049604533;
