nsd           = 3;
nel           = 2;
potpar        = 2.00;
nmc           = 10000000;
nth           = 1000000;
nvp           = 2;
alpha = 2.9000;
beta = 0.85000;
percentAccept = 97.08;
energy        =      -1.6885095;
variance      =       14.187005;
error         =    0.0011910922;
