nsd           = 3;
nel           = 2;
potpar        = 2.00;
nmc           = 10000000;
nth           = 1000000;
nvp           = 2;
alpha = 2.6500;
beta = 0.60000;
percentAccept = 97.75;
energy        =      -2.2129196;
variance      =       6.2318307;
error         =   0.00078941945;
