nsd           = 3;
nel           = 2;
potpar        = 2.00;
nmc           = 10000000;
nth           = 1000000;
nvp           = 2;
alpha = 1.9000;
beta = 1.0000;
percentAccept = 99.03;
energy        =      -2.8610070;
variance      =      0.13748974;
error         =   0.00011725602;
