nsd           = 3;
nel           = 2;
potpar        = 2.00;
nmc           = 10000000;
nth           = 1000000;
nvp           = 2;
alpha = 2.5500;
beta = 0.65000;
percentAccept = 97.95;
energy        =      -2.3515322;
variance      =       4.4301500;
error         =   0.00066559372;
