nsd           = 3;
nel           = 2;
potpar        = 2.00;
nmc           = 10000000;
nth           = 1000000;
nvp           = 2;
alpha = 2.9500;
beta = 0.60000;
percentAccept = 97.02;
energy        =      -1.6517241;
variance      =       15.444633;
error         =    0.0012427644;
