nsd           = 3;
nel           = 2;
potpar        = 2.00;
nmc           = 10000000;
nth           = 1000000;
nvp           = 2;
alpha = 1.7000;
beta = 0.30000;
percentAccept = 99.36;
energy        =      -2.8681251;
variance      =      0.36358462;
error         =   0.00019067895;
