nsd           = 3;
nel           = 2;
potpar        = 2.00;
nmc           = 10000000;
nth           = 1000000;
nvp           = 2;
alpha = 2.1000;
beta = 0.20000;
percentAccept = 98.90;
energy        =      -2.8476069;
variance      =      0.20919928;
error         =   0.00014463723;
