nsd           = 3;
nel           = 2;
potpar        = 2.00;
nmc           = 10000000;
nth           = 1000000;
nvp           = 2;
alpha = 1.2500;
beta = 0.90000;
percentAccept = 99.69;
energy        =      -2.6356352;
variance      =       1.3192709;
error         =   0.00036321769;
