nsd           = 3;
nel           = 2;
potpar        = 2.00;
nmc           = 10000000;
nth           = 1000000;
nvp           = 2;
alpha = 2.1000;
beta = 0.40000;
percentAccept = 98.83;
energy        =      -2.8234569;
variance      =      0.23715074;
error         =   0.00015399699;
