nsd           = 3;
nel           = 2;
potpar        = 2.00;
nmc           = 10000000;
nth           = 1000000;
nvp           = 2;
alpha = 2.0500;
beta = 0.20000;
percentAccept = 98.97;
energy        =      -2.8645265;
variance      =      0.13385794;
error         =   0.00011569699;
