nsd           = 3;
nel           = 2;
potpar        = 2.00;
nmc           = 10000000;
nth           = 1000000;
nvp           = 2;
alpha = 1.8000;
beta = 0.75000;
percentAccept = 99.18;
energy        =      -2.8838653;
variance      =      0.18614207;
error         =   0.00013643389;
