nsd           = 3;
nel           = 2;
potpar        = 2.00;
nmc           = 10000000;
nth           = 1000000;
nvp           = 2;
alpha = 1.5500;
beta = 0.050000;
percentAccept = 99.59;
energy        =      -2.6900832;
variance      =      0.80351375;
error         =   0.00028346318;
