nsd           = 3;
nel           = 2;
potpar        = 2.00;
nmc           = 10000000;
nth           = 1000000;
nvp           = 2;
alpha = 2.2500;
beta = 0.70000;
percentAccept = 98.53;
energy        =      -2.6847739;
variance      =      0.98765438;
error         =   0.00031426969;
