nsd           = 3;
nel           = 2;
potpar        = 2.00;
nmc           = 10000000;
nth           = 1000000;
nvp           = 2;
alpha = 2.8500;
beta = 0.85000;
percentAccept = 97.21;
energy        =      -1.7929165;
variance      =       12.367772;
error         =    0.0011121048;
