nsd           = 3;
nel           = 2;
potpar        = 2.00;
nmc           = 10000000;
nth           = 1000000;
nvp           = 2;
alpha = 2.5000;
beta = 0.20000;
percentAccept = 98.21;
energy        =      -2.5439403;
variance      =       2.8972970;
error         =   0.00053826546;
