nsd           = 3;
nel           = 2;
potpar        = 2.00;
nmc           = 10000000;
nth           = 1000000;
nvp           = 2;
alpha = 1.5500;
beta = 0.65000;
percentAccept = 99.46;
energy        =      -2.8338669;
variance      =      0.66609912;
error         =   0.00025808896;
