nsd           = 3;
nel           = 2;
potpar        = 2.00;
nmc           = 10000000;
nth           = 1000000;
nvp           = 2;
alpha = 1.4500;
beta = 0.050000;
percentAccept = 99.67;
energy        =      -2.5977696;
variance      =      0.97597579;
error         =   0.00031240611;
