nsd           = 3;
nel           = 2;
potpar        = 2.00;
nmc           = 10000000;
nth           = 1000000;
nvp           = 2;
alpha = 1.5000;
beta = 0.50000;
percentAccept = 99.52;
energy        =      -2.8011866;
variance      =      0.76813307;
error         =   0.00027715214;
