nsd           = 3;
nel           = 2;
potpar        = 2.00;
nmc           = 10000000;
nth           = 1000000;
nvp           = 2;
alpha = 1.2500;
beta = 0.85000;
percentAccept = 99.69;
energy        =      -2.6334281;
variance      =       1.3083843;
error         =   0.00036171595;
