nsd           = 3;
nel           = 2;
potpar        = 2.00;
nmc           = 10000000;
nth           = 1000000;
nvp           = 2;
alpha = 1.8500;
beta = 0.050000;
percentAccept = 99.30;
energy        =      -2.8545964;
variance      =      0.27836577;
error         =   0.00016684297;
