nsd           = 3;
nel           = 2;
potpar        = 2.00;
nmc           = 10000000;
nth           = 1000000;
nvp           = 2;
alpha = 1.7500;
beta = 0.050000;
percentAccept = 99.41;
energy        =      -2.8192404;
variance      =      0.46728257;
error         =   0.00021616720;
