nsd           = 3;
nel           = 2;
potpar        = 2.00;
nmc           = 10000000;
nth           = 1000000;
nvp           = 2;
alpha = 3.0000;
beta = 0.95000;
percentAccept = 96.79;
energy        =      -1.4433202;
variance      =       18.938763;
error         =    0.0013761818;
