nsd           = 3;
nel           = 2;
potpar        = 2.00;
nmc           = 10000000;
nth           = 1000000;
nvp           = 2;
alpha = 1.6000;
beta = 0.50000;
percentAccept = 99.43;
energy        =      -2.8485051;
variance      =      0.55508516;
error         =   0.00023560245;
