nsd           = 3;
nel           = 2;
potpar        = 2.00;
nmc           = 10000000;
nth           = 1000000;
nvp           = 2;
alpha = 2.1000;
beta = 0.90000;
percentAccept = 98.75;
energy        =      -2.7776140;
variance      =      0.37337837;
error         =   0.00019323001;
