nsd           = 3;
nel           = 2;
potpar        = 2.00;
nmc           = 10000000;
nth           = 1000000;
nvp           = 2;
alpha = 2.2500;
beta = 0.55000;
percentAccept = 98.55;
energy        =      -2.7047525;
variance      =      0.89970358;
error         =   0.00029995059;
