nsd           = 3;
nel           = 2;
potpar        = 2.00;
nmc           = 10000000;
nth           = 1000000;
nvp           = 2;
alpha = 1.5500;
beta = 0.55000;
percentAccept = 99.47;
energy        =      -2.8299266;
variance      =      0.66921151;
error         =   0.00025869123;
