nsd           = 3;
nel           = 2;
potpar        = 2.00;
nmc           = 10000000;
nth           = 1000000;
nvp           = 2;
alpha = 2.2500;
beta = 0.35000;
percentAccept = 98.60;
energy        =      -2.7378707;
variance      =      0.79419768;
error         =   0.00028181513;
