nsd           = 3;
nel           = 2;
potpar        = 2.00;
nmc           = 10000000;
nth           = 1000000;
nvp           = 2;
alpha = 2.9000;
beta = 0.050000;
percentAccept = 97.44;
energy        =      -2.0454485;
variance      =       11.814184;
error         =    0.0010869307;
