nsd           = 3;
nel           = 2;
potpar        = 2.00;
nmc           = 10000000;
nth           = 1000000;
nvp           = 2;
alpha = 1.6500;
beta = 0.70000;
percentAccept = 99.36;
energy        =      -2.8689368;
variance      =      0.45329160;
error         =   0.00021290646;
