nsd           = 3;
nel           = 2;
potpar        = 2.00;
nmc           = 10000000;
nth           = 1000000;
nvp           = 2;
alpha = 2.9000;
beta = 0.20000;
percentAccept = 97.32;
energy        =      -1.9333465;
variance      =       12.217902;
error         =    0.0011053462;
