nsd           = 3;
nel           = 2;
potpar        = 2.00;
nmc           = 10000000;
nth           = 1000000;
nvp           = 2;
alpha = 2.2000;
beta = 0.65000;
percentAccept = 98.62;
energy        =      -2.7312289;
variance      =      0.68434921;
error         =   0.00026160069;
