nsd           = 3;
nel           = 2;
potpar        = 2.00;
nmc           = 10000000;
nth           = 1000000;
nvp           = 2;
alpha = 2.4500;
beta = 0.30000;
percentAccept = 98.26;
energy        =      -2.5655614;
variance      =       2.4171600;
error         =   0.00049164622;
