nsd           = 3;
nel           = 2;
potpar        = 2.00;
nmc           = 10000000;
nth           = 1000000;
nvp           = 2;
alpha = 1.9500;
beta = 0.70000;
percentAccept = 98.99;
energy        =      -2.8598438;
variance      =     0.097412334;
error         =   9.8697687E-05;
