nsd           = 3;
nel           = 2;
potpar        = 2.00;
nmc           = 10000000;
nth           = 1000000;
nvp           = 2;
alpha = 1.1500;
beta = 0.95000;
percentAccept = 99.75;
energy        =      -2.5335578;
variance      =       1.5324685;
error         =   0.00039146755;
