nsd           = 3;
nel           = 2;
potpar        = 2.00;
nmc           = 10000000;
nth           = 1000000;
nvp           = 2;
alpha = 1.2000;
beta = 0.95000;
percentAccept = 99.72;
energy        =      -2.5881249;
variance      =       1.4553371;
error         =   0.00038148880;
