nsd           = 3;
nel           = 2;
potpar        = 2.00;
nmc           = 10000000;
nth           = 1000000;
nvp           = 2;
alpha = 2.4000;
beta = 0.95000;
percentAccept = 98.21;
energy        =      -2.5013272;
variance      =       2.4975839;
error         =   0.00049975833;
