nsd           = 3;
nel           = 2;
potpar        = 2.00;
nmc           = 10000000;
nth           = 1000000;
nvp           = 2;
alpha = 1.4500;
beta = 0.20000;
percentAccept = 99.61;
energy        =      -2.7126256;
variance      =      0.95817915;
error         =   0.00030954469;
