nsd           = 3;
nel           = 2;
potpar        = 2.00;
nmc           = 10000000;
nth           = 1000000;
nvp           = 2;
alpha = 2.9000;
beta = 0.10000;
percentAccept = 97.40;
energy        =      -2.0039364;
variance      =       11.464922;
error         =    0.0010707438;
