nsd           = 3;
nel           = 2;
potpar        = 2.00;
nmc           = 10000000;
nth           = 1000000;
nvp           = 2;
alpha = 2.3000;
beta = 0.25000;
percentAccept = 98.56;
energy        =      -2.7208178;
variance      =       1.0264598;
error         =   0.00032038411;
