nsd           = 3;
nel           = 2;
potpar        = 2.00;
nmc           = 10000000;
nth           = 1000000;
nvp           = 2;
alpha = 1.0000;
beta = 0.30000;
percentAccept = 99.86;
energy        =      -2.2463823;
variance      =       1.4185704;
error         =   0.00037663914;
