nsd           = 3;
nel           = 2;
potpar        = 2.00;
nmc           = 10000000;
nth           = 1000000;
nvp           = 2;
alpha = 2.3500;
beta = 0.25000;
percentAccept = 98.47;
energy        =      -2.6787536;
variance      =       1.4135845;
error         =   0.00037597666;
