nsd           = 3;
nel           = 2;
potpar        = 2.00;
nmc           = 10000000;
nth           = 1000000;
nvp           = 2;
alpha = 1.7000;
beta = 0.70000;
percentAccept = 99.30;
energy        =      -2.8787870;
variance      =      0.34649065;
error         =   0.00018614259;
