nsd           = 3;
nel           = 2;
potpar        = 2.00;
nmc           = 10000000;
nth           = 1000000;
nvp           = 2;
alpha = 2.9500;
beta = 0.35000;
percentAccept = 97.11;
energy        =      -1.7506174;
variance      =       14.680254;
error         =    0.0012116210;
