nsd           = 3;
nel           = 2;
potpar        = 2.00;
nmc           = 10000000;
nth           = 1000000;
nvp           = 2;
alpha = 2.4000;
beta = 0.90000;
percentAccept = 98.22;
energy        =      -2.5071167;
variance      =       2.5222359;
error         =   0.00050221867;
