nsd           = 3;
nel           = 2;
potpar        = 2.00;
nmc           = 10000000;
nth           = 1000000;
nvp           = 2;
alpha = 2.1500;
beta = 0.90000;
percentAccept = 98.67;
energy        =      -2.7442109;
variance      =      0.55745652;
error         =   0.00023610517;
