nsd           = 3;
nel           = 2;
potpar        = 2.00;
nmc           = 10000000;
nth           = 1000000;
nvp           = 2;
alpha = 1.8500;
beta = 0.50000;
percentAccept = 99.15;
energy        =      -2.8874369;
variance      =      0.12069136;
error         =   0.00010985962;
