nsd           = 3;
nel           = 2;
potpar        = 2.00;
nmc           = 10000000;
nth           = 1000000;
nvp           = 2;
alpha = 2.7000;
beta = 0.15000;
percentAccept = 97.82;
energy        =      -2.3043112;
variance      =       6.2509760;
error         =   0.00079063114;
