nsd           = 3;
nel           = 2;
potpar        = 2.00;
nmc           = 10000000;
nth           = 1000000;
nvp           = 2;
alpha = 1.9000;
beta = 0.35000;
percentAccept = 99.12;
energy        =      -2.8871412;
variance      =     0.089159200;
error         =   9.4424149E-05;
