nsd           = 3;
nel           = 2;
potpar        = 2.00;
nmc           = 10000000;
nth           = 1000000;
nvp           = 2;
alpha = 1.3500;
beta = 0.25000;
percentAccept = 99.67;
energy        =      -2.6461886;
variance      =       1.1105487;
error         =   0.00033324895;
