nsd           = 3;
nel           = 2;
potpar        = 2.00;
nmc           = 10000000;
nth           = 1000000;
nvp           = 2;
alpha = 2.7500;
beta = 0.50000;
percentAccept = 97.55;
energy        =      -2.0737913;
variance      =       8.4351140;
error         =   0.00091842877;
