nsd           = 2;
nel           = 2;
potpar        = 1.00;
nmc           = 10000000;
nth           = 1000000;
nvp           = 2;
alpha = 0.9834000000000;
beta = 0.3966000000000;
percentAccept = 99.37;
energy        =  3.000380980039;
variance      =    0.0019516467;
error         =   6.9850675E-06;
