acceptanceDtHe=[
0.0001          100.0;
0.0002          100.0;
0.0003           99.99;
0.0004           99.99;
0.0005           99.99;
0.0006           99.98;
0.0007           99.98;
0.0008           99.98;
0.0009           99.97;
0.001            99.97;
0.002            99.91;
0.003            99.84;
0.004            99.77;
0.005            99.68;
0.006            99.59;
0.007            99.49;
0.008            99.39;
0.009            99.29;
0.01             99.18;
0.02             97.95;
0.03             96.54;
0.04             95.02;
0.05             93.44;
0.06             91.83;
0.07             90.17;
0.08             88.51;
0.09             86.83;
0.1              85.16;
0.2              69.11;
0.3              55.16;
0.4              43.61;
0.5              34.27;
0.6              26.78;
0.7              20.85;
0.8              16.20;
0.9               9.52;
];














