matrixDtBe=[
%  0.0001    -14.500455    4.2e-3   99.99;
%  0.0002    -14.501622    4.0e-3   99.98;
%  0.0003    -14.504587    3.5e-3   99.97;
%  0.0004    -14.503935    2.8e-3   99.96;
%  0.0005    -14.500166    2.6e-3   99.94;
%  0.0006    -14.503111    2.4e-3   99.93;
0.0007    -14.499995    2.2e-3   99.91;
0.0008    -14.500533    2.0e-3   99.89;
0.0009    -14.502101    1.9e-3   99.87;
0.001     -14.499830    1.8e-3   99.85;
%  0.002     -14.189847    1.6e-1   57.89;
%  0.003     -14.499849    1.1e-3   99.34;
%  0.004     -14.313636    1.2e-1   49.55;
%  0.005     -14.158639    1.1e-1   49.40;
%  0.006     -14.313007    0.1      49.23;
%  0.007     -14.340172    0.9e-1   49.07;
%  0.008     -14.334983    0.85e-1  48.90;
%  0.009     -14.257300    0.85e-1  48.72;
];
