nsd           = 2;
nel           = 2;
potpar        = 1.00;
nmc           = 10000000;
nth           = 1000000;
nvp           = 2;
alpha = 0.92000;
beta = 0.23000;
percentAccept = 99.90;
energy        =       3.0170635;
variance      =      0.46856729;
error         =   0.00021646415;
