nsd           = 2;
nel           = 2;
potpar        = 1.00;
nmc           = 10000000;
nth           = 1000000;
nvp           = 2;
alpha = 1.0400;
beta = 0.29000;
percentAccept = 99.87;
energy        =       3.0473303;
variance      =      0.87906077;
error         =   0.00029648959;
