nsd           = 2;
nel           = 2;
potpar        = 1.00;
nmc           = 10000000;
nth           = 1000000;
nvp           = 2;
alpha = 0.82000;
beta = 0.31000;
percentAccept = 99.91;
energy        =       3.0351312;
variance      =      0.82842337;
error         =   0.00028782345;
