nsd           = 2;
nel           = 2;
potpar        = 1.00;
nmc           = 10000000;
nth           = 1000000;
nvp           = 2;
alpha = 1.1400;
beta = 0.50000;
percentAccept = 99.85;
energy        =       3.1369738;
variance      =       1.3326219;
error         =   0.00036505095;
