nsd           = 2;
nel           = 2;
potpar        = 1.00;
nmc           = 10000000;
nth           = 1000000;
nvp           = 2;
alpha = 0.92000;
beta = 0.13000;
percentAccept = 99.90;
energy        =       3.0133075;
variance      =      0.46159254;
error         =   0.00021484705;
