nsd           = 2;
nel           = 2;
potpar        = 1.00;
nmc           = 10000000;
nth           = 1000000;
nvp           = 2;
alpha = 1.0200;
beta = 0.45000;
percentAccept = 99.87;
energy        =       3.0699908;
variance      =       1.7336562;
error         =   0.00041637197;
