nsd           = 2;
nel           = 2;
potpar        = 1.00;
nmc           = 10000000;
nth           = 1000000;
nvp           = 2;
alpha = 1.1200;
beta = 0.20000;
percentAccept = 99.87;
energy        =       3.0564417;
variance      =       1.2021851;
error         =   0.00034672541;
