nsd           = 2;
nel           = 2;
potpar        = 1.00;
nmc           = 10000000;
nth           = 1000000;
nvp           = 2;
alpha = 0.92000;
beta = 0.44000;
percentAccept = 99.89;
energy        =       3.0420229;
variance      =       4.9286506;
error         =   0.00070204349;
