nsd           = 2;
nel           = 2;
potpar        = 1.00;
nmc           = 10000000;
nth           = 1000000;
nvp           = 2;
alpha = 0.86000;
beta = 0.39000;
percentAccept = 99.90;
energy        =       3.0331249;
variance      =      0.54806832;
error         =   0.00023410859;
