nsd           = 2;
nel           = 2;
potpar        = 1.00;
nmc           = 10000000;
nth           = 1000000;
nvp           = 2;
alpha = 1.1600;
beta = 0.59000;
percentAccept = 99.84;
energy        =       3.1656417;
variance      =       1.2189223;
error         =   0.00034913067;
