nsd           = 2;
nel           = 2;
potpar        = 1.00;
nmc           = 10000000;
nth           = 1000000;
nvp           = 2;
alpha = 1.1400;
beta = 0.19000;
percentAccept = 99.86;
energy        =       3.0620483;
variance      =       1.1635260;
error         =   0.00034110497;
