nsd           = 2;
nel           = 2;
potpar        = 1.00;
nmc           = 10000000;
nth           = 1000000;
nvp           = 2;
alpha = 1.0400;
beta = 0.53000;
percentAccept = 99.87;
energy        =       3.0903900;
variance      =      0.98449911;
error         =   0.00031376729;
