nsd           = 2;
nel           = 2;
potpar        = 1.00;
nmc           = 10000000;
nth           = 1000000;
nvp           = 2;
alpha = 0.88000;
beta = 0.18000;
percentAccept = 99.90;
energy        =       3.0194241;
variance      =      0.44556250;
error         =   0.00021108351;
