nsd           = 2;
nel           = 2;
potpar        = 1.00;
nmc           = 10000000;
nth           = 1000000;
nvp           = 2;
alpha = 1.1400;
beta = 0.48000;
percentAccept = 99.85;
energy        =       3.1331826;
variance      =       1.3956317;
error         =   0.00037358155;
