nsd           = 2;
nel           = 2;
potpar        = 1.00;
nmc           = 10000000;
nth           = 1000000;
nvp           = 2;
alpha = 0.96000;
beta = 0.58000;
percentAccept = 99.88;
energy        =       3.0675086;
variance      =       1.0320485;
error         =   0.00032125512;
