nsd           = 2;
nel           = 2;
potpar        = 1.00;
nmc           = 10000000;
nth           = 1000000;
nvp           = 2;
alpha = 1.1400;
beta = 0.090000;
percentAccept = 99.87;
energy        =       3.0331336;
variance      =      0.56049571;
error         =   0.00023674791;
