nsd           = 2;
nel           = 2;
potpar        = 1.00;
nmc           = 10000000;
nth           = 1000000;
nvp           = 2;
alpha = 0.96000;
beta = 0.40000;
percentAccept = 99.88;
energy        =       3.0432191;
variance      =      0.63687083;
error         =   0.00025236300;
