nsd           = 2;
nel           = 2;
potpar        = 1.00;
nmc           = 10000000;
nth           = 1000000;
nvp           = 2;
alpha = 0.94000;
beta = 0.54000;
percentAccept = 99.88;
energy        =       3.0566690;
variance      =      0.72974636;
error         =   0.00027013818;
