nsd           = 2;
nel           = 2;
potpar        = 1.00;
nmc           = 10000000;
nth           = 1000000;
nvp           = 2;
alpha = 1.0000;
beta = 0.17000;
percentAccept = 99.89;
energy        =       3.0160775;
variance      =       1.1762811;
error         =   0.00034296954;
