nsd           = 2;
nel           = 2;
potpar        = 1.00;
nmc           = 10000000;
nth           = 1000000;
nvp           = 2;
alpha = 1.0200;
beta = 0.33000;
percentAccept = 99.88;
energy        =       3.0483698;
variance      =      0.65256669;
error         =   0.00025545385;
