nsd           = 2;
nel           = 2;
potpar        = 1.00;
nmc           = 10000000;
nth           = 1000000;
nvp           = 2;
alpha = 0.88000;
beta = 0.53000;
percentAccept = 99.89;
energy        =       3.0466396;
variance      =      0.75866685;
error         =   0.00027543908;
