nsd           = 2;
nel           = 2;
potpar        = 1.00;
nmc           = 10000000;
nth           = 1000000;
nvp           = 2;
alpha = 1.0600;
beta = 0.13000;
percentAccept = 99.88;
energy        =       3.0203017;
variance      =      0.73580819;
error         =   0.00027125785;
