nsd           = 2;
nel           = 2;
potpar        = 1.00;
nmc           = 10000000;
nth           = 1000000;
nvp           = 2;
alpha = 1.0600;
beta = 0.15000;
percentAccept = 99.88;
energy        =       3.0244225;
variance      =      0.98914830;
error         =   0.00031450728;
