nsd           = 2;
nel           = 2;
potpar        = 1.00;
nmc           = 10000000;
nth           = 1000000;
nvp           = 2;
alpha = 1.1800;
beta = 0.42000;
percentAccept = 99.85;
energy        =       3.1438396;
variance      =      0.97379126;
error         =   0.00031205629;
