nsd           = 2;
nel           = 2;
potpar        = 1.00;
nmc           = 10000000;
nth           = 1000000;
nvp           = 2;
alpha = 1.1800;
beta = 0.39000;
percentAccept = 99.85;
energy        =       3.1373349;
variance      =       2.0853540;
error         =   0.00045665677;
