nsd           = 2;
nel           = 2;
potpar        = 1.00;
nmc           = 10000000;
nth           = 1000000;
nvp           = 2;
alpha = 0.90000;
beta = 0.60000;
percentAccept = 99.89;
energy        =       3.0556673;
variance      =       1.2683368;
error         =   0.00035613716;
