nsd           = 2;
nel           = 2;
potpar        = 1.00;
nmc           = 10000000;
nth           = 1000000;
nvp           = 2;
alpha = 0.82000;
beta = 0.11000;
percentAccept = 99.92;
energy        =       3.0546747;
variance      =      0.38525313;
error         =   0.00019627866;
