nsd           = 2;
nel           = 2;
potpar        = 1.00;
nmc           = 10000000;
nth           = 1000000;
nvp           = 2;
alpha = 1.0200;
beta = 0.12000;
percentAccept = 99.89;
energy        =       3.0114416;
variance      =      0.40869049;
error         =   0.00020216095;
