nsd           = 2;
nel           = 2;
potpar        = 1.00;
nmc           = 10000000;
nth           = 1000000;
nvp           = 2;
alpha = 1.1800;
beta = 0.14000;
percentAccept = 99.86;
energy        =       3.0639590;
variance      =      0.57120121;
error         =   0.00023899816;
