nsd           = 2;
nel           = 2;
potpar        = 1.00;
nmc           = 10000000;
nth           = 1000000;
nvp           = 2;
alpha = 1.0200;
beta = 0.54000;
percentAccept = 99.87;
energy        =       3.0835075;
variance      =       1.0625180;
error         =   0.00032596288;
