nsd           = 2;
nel           = 2;
potpar        = 1.00;
nmc           = 10000000;
nth           = 1000000;
nvp           = 2;
alpha = 0.94000;
beta = 0.34000;
percentAccept = 99.89;
energy        =       3.0315156;
variance      =      0.66795839;
error         =   0.00025844891;
