nsd           = 2;
nel           = 2;
potpar        = 1.00;
nmc           = 10000000;
nth           = 1000000;
nvp           = 2;
alpha = 1.0400;
beta = 0.45000;
percentAccept = 99.87;
energy        =       3.0773928;
variance      =       1.0563144;
error         =   0.00032500990;
