nsd           = 2;
nel           = 2;
potpar        = 1.00;
nmc           = 10000000;
nth           = 1000000;
nvp           = 2;
alpha = 1.0000;
beta = 0.33000;
percentAccept = 99.88;
energy        =       3.0424128;
variance      =      0.64774502;
error         =   0.00025450835;
