nsd           = 2;
nel           = 2;
potpar        = 1.00;
nmc           = 10000000;
nth           = 1000000;
nvp           = 2;
alpha = 0.98000;
beta = 0.23000;
percentAccept = 99.89;
energy        =       3.0217819;
variance      =      0.53760434;
error         =   0.00023186296;
