nsd           = 2;
nel           = 2;
potpar        = 1.00;
nmc           = 10000000;
nth           = 1000000;
nvp           = 2;
alpha = 1.1200;
beta = 0.43000;
percentAccept = 99.86;
energy        =       3.1119100;
variance      =       1.0604425;
error         =   0.00032564436;
