nsd           = 2;
nel           = 2;
potpar        = 1.00;
nmc           = 10000000;
nth           = 1000000;
nvp           = 2;
alpha = 1.1400;
beta = 0.36000;
percentAccept = 99.85;
energy        =       3.1070900;
variance      =      0.87564080;
error         =   0.00029591229;
