nsd           = 2;
nel           = 2;
potpar        = 1.00;
nmc           = 10000000;
nth           = 1000000;
nvp           = 2;
alpha = 0.90000;
beta = 0.51000;
percentAccept = 99.89;
energy        =       3.0467594;
variance      =       1.3207829;
error         =   0.00036342577;
