nsd           = 2;
nel           = 2;
potpar        = 1.00;
nmc           = 10000000;
nth           = 1000000;
nvp           = 2;
alpha = 1.0200;
beta = 0.22000;
percentAccept = 99.88;
energy        =       3.0278469;
variance      =      0.63737469;
error         =   0.00025246281;
