nsd           = 2;
nel           = 2;
potpar        = 1.00;
nmc           = 10000000;
nth           = 1000000;
nvp           = 2;
alpha = 1.0000;
beta = 0.40000;
percentAccept = 99.88;
energy        =       3.0539192;
variance      =      0.66953417;
error         =   0.00025875358;
