nsd           = 2;
nel           = 2;
potpar        = 1.00;
nmc           = 10000000;
nth           = 1000000;
nvp           = 2;
alpha = 1.0600;
beta = 0.12000;
percentAccept = 99.88;
energy        =       3.0183369;
variance      =      0.50318745;
error         =   0.00022431840;
