nsd           = 2;
nel           = 2;
potpar        = 1.00;
nmc           = 10000000;
nth           = 1000000;
nvp           = 2;
alpha = 1.1400;
beta = 0.60000;
percentAccept = 99.85;
energy        =       3.1549773;
variance      =       1.3161610;
error         =   0.00036278933;
