nsd           = 2;
nel           = 2;
potpar        = 1.00;
nmc           = 10000000;
nth           = 1000000;
nvp           = 2;
alpha = 1.1600;
beta = 0.15000;
percentAccept = 99.86;
energy        =       3.0585855;
variance      =      0.84734085;
error         =   0.00029109120;
