nsd           = 2;
nel           = 2;
potpar        = 1.00;
nmc           = 10000000;
nth           = 1000000;
nvp           = 2;
alpha = 0.80000;
beta = 0.38000;
percentAccept = 99.91;
energy        =       3.0428207;
variance      =      0.68786888;
error         =   0.00026227255;
