nsd           = 2;
nel           = 2;
potpar        = 1.00;
nmc           = 10000000;
nth           = 1000000;
nvp           = 2;
alpha = 1.1600;
beta = 0.53000;
percentAccept = 99.85;
energy        =       3.1547389;
variance      =       1.2153470;
error         =   0.00034861827;
