nsd           = 2;
nel           = 2;
potpar        = 1.00;
nmc           = 10000000;
nth           = 1000000;
nvp           = 2;
alpha = 0.84000;
beta = 0.39000;
percentAccept = 99.90;
energy        =       3.0348527;
variance      =      0.52579218;
error         =   0.00022930159;
