nsd           = 2;
nel           = 2;
potpar        = 1.00;
nmc           = 10000000;
nth           = 1000000;
nvp           = 2;
alpha = 1.1000;
beta = 0.48000;
percentAccept = 99.86;
energy        =       3.1114053;
variance      =       1.4360344;
error         =   0.00037895044;
