nsd           = 2;
nel           = 2;
potpar        = 1.00;
nmc           = 10000000;
nth           = 1000000;
nvp           = 2;
alpha = 1.1800;
beta = 0.55000;
percentAccept = 99.84;
energy        =       3.1714921;
variance      =       1.7234775;
error         =   0.00041514786;
