nsd           = 2;
nel           = 2;
potpar        = 1.00;
nmc           = 10000000;
nth           = 1000000;
nvp           = 2;
alpha = 1.1400;
beta = 0.20000;
percentAccept = 99.86;
energy        =       3.0650890;
variance      =       1.4994451;
error         =   0.00038722670;
