nsd           = 2;
nel           = 2;
potpar        = 1.00;
nmc           = 10000000;
nth           = 1000000;
nvp           = 2;
alpha = 0.82000;
beta = 0.30000;
percentAccept = 99.91;
energy        =       3.0346378;
variance      =      0.64797361;
error         =   0.00025455326;
