nsd           = 2;
nel           = 2;
potpar        = 1.00;
nmc           = 10000000;
nth           = 1000000;
nvp           = 2;
alpha = 1.1600;
beta = 0.17000;
percentAccept = 99.86;
energy        =       3.0646993;
variance      =      0.66701438;
error         =   0.00025826622;
