nsd           = 2;
nel           = 2;
potpar        = 1.00;
nmc           = 10000000;
nth           = 1000000;
nvp           = 2;
alpha = 1.1200;
beta = 0.17000;
percentAccept = 99.87;
energy        =       3.0482510;
variance      =      0.66963903;
error         =   0.00025877385;
