nsd           = 2;
nel           = 2;
potpar        = 1.00;
nmc           = 10000000;
nth           = 1000000;
nvp           = 2;
alpha = 1.0800;
beta = 0.41000;
percentAccept = 99.86;
energy        =       3.0875633;
variance      =      0.89762828;
error         =   0.00029960445;
