nsd           = 2;
nel           = 2;
potpar        = 1.00;
nmc           = 10000000;
nth           = 1000000;
nvp           = 2;
alpha = 0.92000;
beta = 0.60000;
percentAccept = 99.89;
energy        =       3.0591484;
variance      =      0.73881513;
error         =   0.00027181154;
