nsd           = 2;
nel           = 2;
potpar        = 1.00;
nmc           = 10000000;
nth           = 1000000;
nvp           = 2;
alpha = 1.1200;
beta = 0.11000;
percentAccept = 99.87;
energy        =       3.0321674;
variance      =      0.65755289;
error         =   0.00025642794;
