nsd           = 2;
nel           = 2;
potpar        = 1.00;
nmc           = 10000000;
nth           = 1000000;
nvp           = 2;
alpha = 1.0600;
beta = 0.38000;
percentAccept = 99.87;
energy        =       3.0731969;
variance      =       1.9367411;
error         =   0.00044008421;
