nsd           = 2;
nel           = 2;
potpar        = 1.00;
nmc           = 10000000;
nth           = 1000000;
nvp           = 2;
alpha = 1.0000;
beta = 0.31000;
percentAccept = 99.88;
energy        =       3.0390830;
variance      =      0.57192882;
error         =   0.00023915033;
