nsd           = 2;
nel           = 2;
potpar        = 1.00;
nmc           = 10000000;
nth           = 1000000;
nvp           = 2;
alpha = 0.94000;
beta = 0.51000;
percentAccept = 99.88;
energy        =       3.0530862;
variance      =      0.76953166;
error         =   0.00027740434;
