nsd           = 2;
nel           = 2;
potpar        = 1.00;
nmc           = 10000000;
nth           = 1000000;
nvp           = 2;
alpha = 1.0800;
beta = 0.34000;
percentAccept = 99.87;
energy        =       3.0735702;
variance      =       1.5740384;
error         =   0.00039674153;
