nsd           = 2;
nel           = 2;
potpar        = 1.00;
nmc           = 10000000;
nth           = 1000000;
nvp           = 2;
alpha = 0.86000;
beta = 0.090000;
percentAccept = 99.91;
energy        =       3.0393613;
variance      =      0.39840022;
error         =   0.00019959965;
