nsd           = 2;
nel           = 2;
potpar        = 1.00;
nmc           = 10000000;
nth           = 1000000;
nvp           = 2;
alpha = 1.1000;
beta = 0.080000;
percentAccept = 99.88;
energy        =       3.0196994;
variance      =       1.4530142;
error         =   0.00038118424;
