nsd           = 2;
nel           = 2;
potpar        = 1.00;
nmc           = 10000000;
nth           = 1000000;
nvp           = 2;
alpha = 1.1800;
beta = 0.37000;
percentAccept = 99.85;
energy        =       3.1322402;
variance      =       1.1885122;
error         =   0.00034474805;
