nsd           = 2;
nel           = 2;
potpar        = 1.00;
nmc           = 10000000;
nth           = 1000000;
nvp           = 2;
alpha = 0.86000;
beta = 0.42000;
percentAccept = 99.90;
energy        =       3.0357047;
variance      =      0.64848441;
error         =   0.00025465357;
