nsd           = 2;
nel           = 2;
potpar        = 1.00;
nmc           = 10000000;
nth           = 1000000;
nvp           = 2;
alpha = 1.0400;
beta = 0.43000;
percentAccept = 99.87;
energy        =       3.0738658;
variance      =       1.0582673;
error         =   0.00032531021;
