nsd           = 2;
nel           = 2;
potpar        = 1.00;
nmc           = 10000000;
nth           = 1000000;
nvp           = 2;
alpha = 1.0000;
beta = 0.10000;
percentAccept = 99.89;
energy        =       3.0084721;
variance      =      0.50826159;
error         =   0.00022544658;
