nsd           = 2;
nel           = 2;
potpar        = 1.00;
nmc           = 10000000;
nth           = 1000000;
nvp           = 2;
alpha = 1.1600;
beta = 0.27000;
percentAccept = 99.85;
energy        =       3.0946409;
variance      =      0.82709970;
error         =   0.00028759341;
