nsd           = 2;
nel           = 2;
potpar        = 1.00;
nmc           = 10000000;
nth           = 1000000;
nvp           = 2;
alpha = 0.88000;
beta = 0.59000;
percentAccept = 99.89;
energy        =       3.0520492;
variance      =      0.77421207;
error         =   0.00027824667;
