nsd           = 2;
nel           = 2;
potpar        = 1.00;
nmc           = 10000000;
nth           = 1000000;
nvp           = 2;
alpha = 1.0800;
beta = 0.10000;
percentAccept = 99.88;
energy        =       3.0187069;
variance      =      0.45524310;
error         =   0.00021336427;
