nsd           = 2;
nel           = 2;
potpar        = 1.00;
nmc           = 10000000;
nth           = 1000000;
nvp           = 2;
alpha = 0.86000;
beta = 0.15000;
percentAccept = 99.91;
energy        =       3.0262336;
variance      =      0.36298430;
error         =   0.00019052147;
