nsd           = 2;
nel           = 2;
potpar        = 1.00;
nmc           = 10000000;
nth           = 1000000;
nvp           = 2;
alpha = 1.1000;
beta = 0.16000;
percentAccept = 99.87;
energy        =       3.0380435;
variance      =      0.45504007;
error         =   0.00021331668;
