nsd           = 2;
nel           = 2;
potpar        = 1.00;
nmc           = 10000000;
nth           = 1000000;
nvp           = 2;
alpha = 1.1600;
beta = 0.43000;
percentAccept = 99.85;
energy        =       3.1343895;
variance      =       1.2886250;
error         =   0.00035897423;
