nsd           = 2;
nel           = 2;
potpar        = 1.00;
nmc           = 10000000;
nth           = 1000000;
nvp           = 2;
alpha = 1.0200;
beta = 0.27000;
percentAccept = 99.88;
energy        =       3.0375633;
variance      =      0.76941414;
error         =   0.00027738315;
