nsd           = 2;
nel           = 2;
potpar        = 1.00;
nmc           = 10000000;
nth           = 1000000;
nvp           = 2;
alpha = 0.98000;
beta = 0.16000;
percentAccept = 99.89;
energy        =       3.0124175;
variance      =      0.92299958;
error         =   0.00030380908;
