nsd           = 2;
nel           = 2;
potpar        = 1.00;
nmc           = 10000000;
nth           = 1000000;
nvp           = 2;
alpha = 1.1600;
beta = 0.12000;
percentAccept = 99.86;
energy        =       3.0493404;
variance      =       1.1648110;
error         =   0.00034129327;
