nsd           = 2;
nel           = 2;
potpar        = 1.00;
nmc           = 10000000;
nth           = 1000000;
nvp           = 2;
alpha = 0.98000;
beta = 0.34000;
percentAccept = 99.88;
energy        =       3.0391806;
variance      =      0.66039702;
error         =   0.00025698191;
