nsd           = 2;
nel           = 2;
potpar        = 1.00;
nmc           = 10000000;
nth           = 1000000;
nvp           = 2;
alpha = 0.90000;
beta = 0.090000;
percentAccept = 99.91;
energy        =       3.0227594;
variance      =      0.38719235;
error         =   0.00019677204;
