nsd           = 2;
nel           = 2;
potpar        = 1.00;
nmc           = 10000000;
nth           = 1000000;
nvp           = 2;
alpha = 0.88000;
beta = 0.27000;
percentAccept = 99.90;
energy        =       3.0222516;
variance      =       1.0196093;
error         =   0.00031931321;
