nsd           = 2;
nel           = 2;
potpar        = 1.00;
nmc           = 10000000;
nth           = 1000000;
nvp           = 2;
alpha = 1.0600;
beta = 0.50000;
percentAccept = 99.86;
energy        =       3.0947108;
variance      =      0.91726475;
error         =   0.00030286379;
