nsd           = 2;
nel           = 2;
potpar        = 1.00;
nmc           = 10000000;
nth           = 1000000;
nvp           = 2;
alpha = 0.84000;
beta = 0.13000;
percentAccept = 99.91;
energy        =       3.0377992;
variance      =      0.38963578;
error         =   0.00019739194;
