nsd           = 2;
nel           = 2;
potpar        = 1.00;
nmc           = 10000000;
nth           = 1000000;
nvp           = 2;
alpha = 1.0000;
beta = 0.11000;
percentAccept = 99.89;
energy        =       3.0088778;
variance      =      0.39376085;
error         =   0.00019843408;
