nsd           = 2;
nel           = 2;
potpar        = 1.00;
nmc           = 10000000;
nth           = 1000000;
nvp           = 2;
alpha = 0.84000;
beta = 0.29000;
percentAccept = 99.91;
energy        =       3.0292271;
variance      =      0.44050640;
error         =   0.00020988244;
