nsd           = 2;
nel           = 2;
potpar        = 1.00;
nmc           = 10000000;
nth           = 1000000;
nvp           = 2;
alpha = 0.90000;
beta = 0.36000;
percentAccept = 99.89;
energy        =       3.0300670;
variance      =      0.79512693;
error         =   0.00028197995;
