nsd           = 2;
nel           = 2;
potpar        = 1.00;
nmc           = 10000000;
nth           = 1000000;
nvp           = 2;
alpha = 0.82000;
beta = 0.45000;
percentAccept = 99.90;
energy        =       3.0421114;
variance      =      0.73818757;
error         =   0.00027169607;
