nsd           = 2;
nel           = 2;
potpar        = 1.00;
nmc           = 10000000;
nth           = 1000000;
nvp           = 2;
alpha = 0.80000;
beta = 0.13000;
percentAccept = 99.92;
energy        =       3.0607232;
variance      =      0.44547975;
error         =   0.00021106391;
