nsd           = 2;
nel           = 2;
potpar        = 1.00;
nmc           = 10000000;
nth           = 1000000;
nvp           = 2;
alpha = 0.80000;
beta = 0.12000;
percentAccept = 99.92;
energy        =       3.0640446;
variance      =      0.38988385;
error         =   0.00019745477;
