nsd           = 2;
nel           = 2;
potpar        = 1.00;
nmc           = 10000000;
nth           = 1000000;
nvp           = 2;
alpha = 0.92000;
beta = 0.34000;
percentAccept = 99.89;
energy        =       3.0291928;
variance      =      0.59275212;
error         =   0.00024346501;
