nsd           = 2;
nel           = 2;
potpar        = 1.00;
nmc           = 10000000;
nth           = 1000000;
nvp           = 2;
alpha = 0.92000;
beta = 0.46000;
percentAccept = 99.89;
energy        =       3.0436581;
variance      =      0.94267997;
error         =   0.00030703094;
