nsd           = 2;
nel           = 2;
potpar        = 1.00;
nmc           = 10000000;
nth           = 1000000;
nvp           = 2;
alpha = 0.92000;
beta = 0.35000;
percentAccept = 99.89;
energy        =       3.0302072;
variance      =      0.53561568;
error         =   0.00023143372;
