nsd           = 2;
nel           = 2;
potpar        = 1.00;
nmc           = 10000000;
nth           = 1000000;
nvp           = 2;
alpha = 1.1800;
beta = 0.22000;
percentAccept = 99.85;
energy        =       3.0900506;
variance      =      0.71780491;
error         =   0.00026791881;
