nsd           = 2;
nel           = 2;
potpar        = 1.00;
nmc           = 10000000;
nth           = 1000000;
nvp           = 2;
alpha = 0.88000;
beta = 0.38000;
percentAccept = 99.90;
energy        =       3.0315970;
variance      =      0.66014730;
error         =   0.00025693332;
