nsd           = 2;
nel           = 2;
potpar        = 1.00;
nmc           = 10000000;
nth           = 1000000;
nvp           = 2;
alpha = 0.82000;
beta = 0.56000;
percentAccept = 99.90;
energy        =       3.0494537;
variance      =      0.62106726;
error         =   0.00024921221;
