nsd           = 2;
nel           = 2;
potpar        = 1.00;
nmc           = 10000000;
nth           = 1000000;
nvp           = 2;
alpha = 1.0800;
beta = 0.60000;
percentAccept = 99.86;
energy        =       3.1206169;
variance      =       1.3159994;
error         =   0.00036276706;
