nsd           = 2;
nel           = 2;
potpar        = 1.00;
nmc           = 10000000;
nth           = 1000000;
nvp           = 2;
alpha = 0.92000;
beta = 0.36000;
percentAccept = 99.89;
energy        =       3.0318438;
variance      =      0.75566546;
error         =   0.00027489370;
