nsd           = 2;
nel           = 2;
potpar        = 1.00;
nmc           = 10000000;
nth           = 1000000;
nvp           = 2;
alpha = 0.82000;
beta = 0.25000;
percentAccept = 99.91;
energy        =       3.0343249;
variance      =      0.44633321;
error         =   0.00021126600;
