nsd           = 2;
nel           = 2;
potpar        = 1.00;
nmc           = 10000000;
nth           = 1000000;
nvp           = 2;
alpha = 1.0400;
beta = 0.090000;
percentAccept = 99.89;
energy        =       3.0105220;
variance      =      0.47163479;
error         =   0.00021717154;
