nsd           = 2;
nel           = 2;
potpar        = 1.00;
nmc           = 10000000;
nth           = 1000000;
nvp           = 2;
alpha = 0.92000;
beta = 0.47000;
percentAccept = 99.89;
energy        =       3.0449062;
variance      =       1.0314215;
error         =   0.00032115752;
