nsd           = 2;
nel           = 2;
potpar        = 1.00;
nmc           = 10000000;
nth           = 1000000;
nvp           = 2;
alpha = 1.1400;
beta = 0.33000;
percentAccept = 99.86;
energy        =       3.0997953;
variance      =      0.78456547;
error         =   0.00028010096;
