nsd           = 2;
nel           = 2;
potpar        = 1.00;
nmc           = 10000000;
nth           = 1000000;
nvp           = 2;
alpha = 1.0600;
beta = 0.59000;
percentAccept = 99.86;
energy        =       3.1093375;
variance      =       1.2220201;
error         =   0.00034957404;
