nsd           = 2;
nel           = 2;
potpar        = 1.00;
nmc           = 10000000;
nth           = 1000000;
nvp           = 2;
alpha = 0.98000;
beta = 0.36000;
percentAccept = 99.88;
energy        =       3.0420662;
variance      =      0.75531760;
error         =   0.00027483042;
