nsd           = 2;
nel           = 2;
potpar        = 1.00;
nmc           = 10000000;
nth           = 1000000;
nvp           = 2;
alpha = 0.94000;
beta = 0.13000;
percentAccept = 99.90;
energy        =       3.0110990;
variance      =      0.59778092;
error         =   0.00024449559;
