nsd           = 2;
nel           = 2;
potpar        = 1.00;
nmc           = 10000000;
nth           = 1000000;
nvp           = 2;
alpha = 0.92000;
beta = 0.19000;
percentAccept = 99.90;
energy        =       3.0145897;
variance      =       2.6122472;
error         =   0.00051110148;
