nsd           = 2;
nel           = 2;
potpar        = 1.00;
nmc           = 10000000;
nth           = 1000000;
nvp           = 2;
alpha = 0.98000;
beta = 0.31000;
percentAccept = 99.88;
energy        =       3.0345513;
variance      =      0.75584282;
error         =   0.00027492596;
