nsd           = 2;
nel           = 2;
potpar        = 1.00;
nmc           = 10000000;
nth           = 1000000;
nvp           = 2;
alpha = 0.88000;
beta = 0.20000;
percentAccept = 99.90;
energy        =       3.0193988;
variance      =      0.51625173;
error         =   0.00022721174;
