nsd           = 2;
nel           = 2;
potpar        = 1.00;
nmc           = 10000000;
nth           = 1000000;
nvp           = 2;
alpha = 0.98000;
beta = 0.22000;
percentAccept = 99.89;
energy        =       3.0204372;
variance      =      0.58049412;
error         =   0.00024093446;
