nsd           = 2;
nel           = 2;
potpar        = 1.00;
nmc           = 10000000;
nth           = 1000000;
nvp           = 2;
alpha = 1.1400;
beta = 0.30000;
percentAccept = 99.86;
energy        =       3.0937284;
variance      =       10.777234;
error         =    0.0010381346;
