nsd           = 2;
nel           = 2;
potpar        = 1.00;
nmc           = 10000000;
nth           = 1000000;
nvp           = 2;
alpha = 0.88000;
beta = 0.60000;
percentAccept = 99.89;
energy        =       3.0531435;
variance      =       1.3074688;
error         =   0.00036158938;
