nsd           = 2;
nel           = 2;
potpar        = 1.00;
nmc           = 10000000;
nth           = 1000000;
nvp           = 2;
alpha = 0.92000;
beta = 0.37000;
percentAccept = 99.89;
energy        =       3.0326411;
variance      =      0.56673312;
error         =   0.00023806157;
