nsd           = 2;
nel           = 2;
potpar        = 1.00;
nmc           = 10000000;
nth           = 1000000;
nvp           = 2;
alpha = 1.0200;
beta = 0.13000;
percentAccept = 99.89;
energy        =       3.0130217;
variance      =      0.61969572;
error         =   0.00024893688;
