nsd           = 2;
nel           = 2;
potpar        = 1.00;
nmc           = 10000000;
nth           = 1000000;
nvp           = 2;
alpha = 1.1200;
beta = 0.32000;
percentAccept = 99.86;
energy        =       3.0872791;
variance      =      0.77765451;
error         =   0.00027886458;
