nsd           = 2;
nel           = 2;
potpar        = 1.00;
nmc           = 10000000;
nth           = 1000000;
nvp           = 2;
alpha = 1.1400;
beta = 0.22000;
percentAccept = 99.86;
energy        =       3.0710372;
variance      =       1.5288291;
error         =   0.00039100244;
