nsd           = 2;
nel           = 2;
potpar        = 1.00;
nmc           = 10000000;
nth           = 1000000;
nvp           = 2;
alpha = 1.1200;
beta = 0.36000;
percentAccept = 99.86;
energy        =       3.0967515;
variance      =      0.99304668;
error         =   0.00031512643;
