nsd           = 2;
nel           = 2;
potpar        = 1.00;
nmc           = 10000000;
nth           = 1000000;
nvp           = 2;
alpha = 0.94000;
beta = 0.45000;
percentAccept = 99.89;
energy        =       3.0459383;
variance      =       1.2560302;
error         =   0.00035440516;
