nsd           = 2;
nel           = 2;
potpar        = 1.00;
nmc           = 10000000;
nth           = 1000000;
nvp           = 2;
alpha = 0.96000;
beta = 0.52000;
percentAccept = 99.88;
energy        =       3.0595562;
variance      =      0.91426558;
error         =   0.00030236825;
