nsd           = 2;
nel           = 2;
potpar        = 1.00;
nmc           = 10000000;
nth           = 1000000;
nvp           = 2;
alpha = 1.1800;
beta = 0.20000;
percentAccept = 99.86;
energy        =       3.0840784;
variance      =       1.2505895;
error         =   0.00035363675;
