nsd           = 2;
nel           = 2;
potpar        = 1.00;
nmc           = 10000000;
nth           = 1000000;
nvp           = 2;
alpha = 1.0600;
beta = 0.34000;
percentAccept = 99.87;
energy        =       3.0647051;
variance      =      0.86960992;
error         =   0.00029489149;
