nsd           = 2;
nel           = 2;
potpar        = 1.00;
nmc           = 10000000;
nth           = 1000000;
nvp           = 2;
alpha = 1.1600;
beta = 0.21000;
percentAccept = 99.86;
energy        =       3.0771550;
variance      =      0.74433409;
error         =   0.00027282487;
