nsd           = 2;
nel           = 2;
potpar        = 1.00;
nmc           = 10000000;
nth           = 1000000;
nvp           = 2;
alpha = 1.0200;
beta = 0.48000;
percentAccept = 99.87;
energy        =       3.0739875;
variance      =      0.81489468;
error         =   0.00028546360;
