nsd           = 2;
nel           = 2;
potpar        = 1.00;
nmc           = 10000000;
nth           = 1000000;
nvp           = 2;
alpha = 1.1600;
beta = 0.35000;
percentAccept = 99.85;
energy        =       3.1158123;
variance      =       1.1908050;
error         =   0.00034508042;
