nsd           = 2;
nel           = 2;
potpar        = 1.00;
nmc           = 10000000;
nth           = 1000000;
nvp           = 2;
alpha = 0.92000;
beta = 0.42000;
percentAccept = 99.89;
energy        =       3.0391840;
variance      =      0.91775810;
error         =   0.00030294523;
