nsd           = 2;
nel           = 2;
potpar        = 1.00;
nmc           = 10000000;
nth           = 1000000;
nvp           = 2;
alpha = 0.84000;
beta = 0.25000;
percentAccept = 99.91;
energy        =       3.0286324;
variance      =      0.84188027;
error         =   0.00029015173;
