nsd           = 2;
nel           = 2;
potpar        = 1.00;
nmc           = 10000000;
nth           = 1000000;
nvp           = 2;
alpha = 1.1600;
beta = 0.38000;
percentAccept = 99.85;
energy        =       3.1232928;
variance      =       1.2729309;
error         =   0.00035678158;
