nsd           = 2;
nel           = 2;
potpar        = 1.00;
nmc           = 10000000;
nth           = 1000000;
nvp           = 2;
alpha = 1.0200;
beta = 0.26000;
percentAccept = 99.88;
energy        =       3.0355368;
variance      =      0.57277680;
error         =   0.00023932756;
