nsd           = 2;
nel           = 2;
potpar        = 1.00;
nmc           = 10000000;
nth           = 1000000;
nvp           = 2;
alpha = 1.0400;
beta = 0.15000;
percentAccept = 99.88;
energy        =       3.0196092;
variance      =      0.57802988;
error         =   0.00024042252;
