nsd           = 2;
nel           = 2;
potpar        = 1.00;
nmc           = 10000000;
nth           = 1000000;
nvp           = 2;
alpha = 0.94000;
beta = 0.12000;
percentAccept = 99.90;
energy        =       3.0111193;
variance      =      0.49263436;
error         =   0.00022195368;
