nsd           = 2;
nel           = 2;
potpar        = 1.00;
nmc           = 10000000;
nth           = 1000000;
nvp           = 2;
alpha = 0.98000;
beta = 0.25000;
percentAccept = 99.89;
energy        =       3.0247414;
variance      =      0.54521029;
error         =   0.00023349738;
