nsd           = 2;
nel           = 2;
potpar        = 1.00;
nmc           = 10000000;
nth           = 1000000;
nvp           = 2;
alpha = 1.0600;
beta = 0.30000;
percentAccept = 99.87;
energy        =       3.0567335;
variance      =       1.9454329;
error         =   0.00044107062;
