nsd           = 2;
nel           = 2;
potpar        = 1.00;
nmc           = 10000000;
nth           = 1000000;
nvp           = 2;
alpha = 1.0000;
beta = 0.22000;
percentAccept = 99.88;
energy        =       3.0239528;
variance      =      0.78892035;
error         =   0.00028087726;
