nsd           = 2;
nel           = 2;
potpar        = 1.00;
nmc           = 10000000;
nth           = 1000000;
nvp           = 2;
alpha = 0.94000;
beta = 0.43000;
percentAccept = 99.89;
energy        =       3.0433046;
variance      =      0.76037964;
error         =   0.00027574982;
