nsd           = 2;
nel           = 2;
potpar        = 1.00;
nmc           = 10000000;
nth           = 1000000;
nvp           = 2;
alpha = 0.96000;
beta = 0.50000;
percentAccept = 99.88;
energy        =       3.0572989;
variance      =       1.2375008;
error         =   0.00035178130;
