nsd           = 2;
nel           = 2;
potpar        = 1.00;
nmc           = 10000000;
nth           = 1000000;
nvp           = 2;
alpha = 1.0000;
beta = 0.090000;
percentAccept = 99.89;
energy        =       3.0078373;
variance      =      0.35445129;
error         =   0.00018826877;
