nsd           = 2;
nel           = 2;
potpar        = 1.00;
nmc           = 10000000;
nth           = 1000000;
nvp           = 2;
alpha = 0.94000;
beta = 0.33000;
percentAccept = 99.89;
energy        =       3.0302946;
variance      =      0.80997524;
error         =   0.00028460064;
