nsd           = 2;
nel           = 2;
potpar        = 1.00;
nmc           = 10000000;
nth           = 1000000;
nvp           = 2;
alpha = 0.80000;
beta = 0.16000;
percentAccept = 99.92;
energy        =       3.0525275;
variance      =      0.46073358;
error         =   0.00021464705;
