nsd           = 2;
nel           = 2;
potpar        = 1.00;
nmc           = 10000000;
nth           = 1000000;
nvp           = 2;
alpha = 1.0000;
beta = 0.26000;
percentAccept = 99.88;
energy        =       3.0303913;
variance      =      0.58314634;
error         =   0.00024148423;
