nsd           = 2;
nel           = 2;
potpar        = 1.00;
nmc           = 10000000;
nth           = 1000000;
nvp           = 2;
alpha = 1.1600;
beta = 0.57000;
percentAccept = 99.85;
energy        =       3.1621041;
variance      =       1.2135961;
error         =   0.00034836706;
