nsd           = 2;
nel           = 2;
potpar        = 1.00;
nmc           = 10000000;
nth           = 1000000;
nvp           = 2;
alpha = 0.98000;
beta = 0.37000;
percentAccept = 99.88;
energy        =       3.0436920;
variance      =       1.4244613;
error         =   0.00037742037;
