nsd           = 2;
nel           = 2;
potpar        = 1.00;
nmc           = 10000000;
nth           = 1000000;
nvp           = 2;
alpha = 0.82000;
beta = 0.49000;
percentAccept = 99.90;
energy        =       3.0448766;
variance      =      0.91291994;
error         =   0.00030214565;
