nsd           = 2;
nel           = 2;
potpar        = 1.00;
nmc           = 10000000;
nth           = 1000000;
nvp           = 2;
alpha = 1.1200;
beta = 0.53000;
percentAccept = 99.85;
energy        =       3.1309418;
variance      =       1.3353532;
error         =   0.00036542484;
