nsd           = 2;
nel           = 2;
potpar        = 1.00;
nmc           = 10000000;
nth           = 1000000;
nvp           = 2;
alpha = 1.1200;
beta = 0.39000;
percentAccept = 99.86;
energy        =       3.1034256;
variance      =      0.99125778;
error         =   0.00031484247;
