nsd           = 2;
nel           = 2;
potpar        = 1.00;
nmc           = 10000000;
nth           = 1000000;
nvp           = 2;
alpha = 1.0200;
beta = 0.55000;
percentAccept = 99.87;
energy        =       3.0846821;
variance      =      0.87819662;
error         =   0.00029634382;
