nsd           = 2;
nel           = 2;
potpar        = 1.00;
nmc           = 10000000;
nth           = 1000000;
nvp           = 2;
alpha = 0.80000;
beta = 0.43000;
percentAccept = 99.91;
energy        =       3.0450593;
variance      =      0.83733641;
error         =   0.00028936766;
