nsd           = 2;
nel           = 2;
potpar        = 1.00;
nmc           = 10000000;
nth           = 1000000;
nvp           = 2;
alpha = 0.94000;
beta = 0.53000;
percentAccept = 99.88;
energy        =       3.0558354;
variance      =      0.96442432;
error         =   0.00031055182;
