nsd           = 2;
nel           = 2;
potpar        = 1.00;
nmc           = 10000000;
nth           = 1000000;
nvp           = 2;
alpha = 0.98000;
beta = 0.55000;
percentAccept = 99.88;
energy        =       3.0702714;
variance      =       1.2184412;
error         =   0.00034906177;
