nsd           = 2;
nel           = 2;
potpar        = 1.00;
nmc           = 10000000;
nth           = 1000000;
nvp           = 2;
alpha = 1.2000;
beta = 0.14000;
percentAccept = 99.86;
energy        =       3.0736510;
variance      =      0.97980954;
error         =   0.00031301910;
