nsd           = 2;
nel           = 2;
potpar        = 1.00;
nmc           = 10000000;
nth           = 1000000;
nvp           = 2;
alpha = 1.1000;
beta = 0.49000;
percentAccept = 99.86;
energy        =       3.1131991;
variance      =       1.1476935;
error         =   0.00033877625;
