nsd           = 2;
nel           = 2;
potpar        = 1.00;
nmc           = 10000000;
nth           = 1000000;
nvp           = 2;
alpha = 1.1800;
beta = 0.50000;
percentAccept = 99.84;
energy        =       3.1613334;
variance      =       1.3124019;
error         =   0.00036227088;
