nsd           = 2;
nel           = 2;
potpar        = 1.00;
nmc           = 10000000;
nth           = 1000000;
nvp           = 2;
alpha = 1.2000;
beta = 0.41000;
percentAccept = 99.84;
energy        =       3.1541682;
variance      =       1.0919894;
error         =   0.00033045262;
