nsd           = 2;
nel           = 2;
potpar        = 1.00;
nmc           = 10000000;
nth           = 1000000;
nvp           = 2;
alpha = 0.84000;
beta = 0.38000;
percentAccept = 99.90;
energy        =       3.0342428;
variance      =      0.60181283;
error         =   0.00024531874;
