nsd           = 2;
nel           = 2;
potpar        = 1.00;
nmc           = 10000000;
nth           = 1000000;
nvp           = 2;
alpha = 0.82000;
beta = 0.37000;
percentAccept = 99.91;
energy        =       3.0369310;
variance      =      0.49536185;
error         =   0.00022256726;
