nsd           = 2;
nel           = 2;
potpar        = 1.00;
nmc           = 10000000;
nth           = 1000000;
nvp           = 2;
alpha = 1.1600;
beta = 0.28000;
percentAccept = 99.85;
energy        =       3.0973943;
variance      =      0.80784873;
error         =   0.00028422680;
