nsd           = 2;
nel           = 2;
potpar        = 1.00;
nmc           = 10000000;
nth           = 1000000;
nvp           = 2;
alpha = 0.86000;
beta = 0.10000;
percentAccept = 99.91;
energy        =       3.0361966;
variance      =      0.38752967;
error         =   0.00019685773;
