nsd           = 2;
nel           = 2;
potpar        = 1.00;
nmc           = 10000000;
nth           = 1000000;
nvp           = 2;
alpha = 0.84000;
beta = 0.52000;
percentAccept = 99.90;
energy        =       3.0457498;
variance      =       2.6326384;
error         =   0.00051309243;
