nsd           = 2;
nel           = 2;
potpar        = 1.00;
nmc           = 10000000;
nth           = 1000000;
nvp           = 2;
alpha = 0.92000;
beta = 0.30000;
percentAccept = 99.89;
energy        =       3.0243835;
variance      =      0.60268058;
error         =   0.00024549554;
