nsd           = 2;
nel           = 2;
potpar        = 1.00;
nmc           = 10000000;
nth           = 1000000;
nvp           = 2;
alpha = 0.82000;
beta = 0.47000;
percentAccept = 99.90;
energy        =       3.0433666;
variance      =      0.80467477;
error         =   0.00028366790;
