nsd           = 2;
nel           = 2;
potpar        = 1.00;
nmc           = 10000000;
nth           = 1000000;
nvp           = 2;
alpha = 1.1600;
beta = 0.44000;
percentAccept = 99.85;
energy        =       3.1365793;
variance      =       1.3457817;
error         =   0.00036684898;
