nsd           = 2;
nel           = 2;
potpar        = 1.00;
nmc           = 10000000;
nth           = 1000000;
nvp           = 2;
alpha = 0.98000;
beta = 0.14000;
percentAccept = 99.89;
energy        =       3.0107765;
variance      =       1.4688841;
error         =   0.00038326024;
