nsd           = 2;
nel           = 2;
potpar        = 1.00;
nmc           = 10000000;
nth           = 1000000;
nvp           = 2;
alpha = 0.94000;
beta = 0.29000;
percentAccept = 99.89;
energy        =       3.0248421;
variance      =      0.56389292;
error         =   0.00023746430;
