nsd           = 2;
nel           = 2;
potpar        = 1.00;
nmc           = 10000000;
nth           = 1000000;
nvp           = 2;
alpha = 1.1400;
beta = 0.34000;
percentAccept = 99.85;
energy        =       3.1021880;
variance      =      0.79384184;
error         =   0.00028175199;
