nsd           = 2;
nel           = 2;
potpar        = 1.00;
nmc           = 10000000;
nth           = 1000000;
nvp           = 2;
alpha = 1.0200;
beta = 0.21000;
percentAccept = 99.88;
energy        =       3.0258980;
variance      =      0.46065355;
error         =   0.00021462841;
