nsd           = 2;
nel           = 2;
potpar        = 1.00;
nmc           = 10000000;
nth           = 1000000;
nvp           = 2;
alpha = 1.1400;
beta = 0.11000;
percentAccept = 99.87;
energy        =       3.0386498;
variance      =      0.57263322;
error         =   0.00023929756;
