nsd           = 2;
nel           = 2;
potpar        = 1.00;
nmc           = 10000000;
nth           = 1000000;
nvp           = 2;
alpha = 1.1800;
beta = 0.36000;
percentAccept = 99.85;
energy        =       3.1298222;
variance      =       1.2033872;
error         =   0.00034689872;
