nsd           = 2;
nel           = 2;
potpar        = 1.00;
nmc           = 10000000;
nth           = 1000000;
nvp           = 2;
alpha = 0.82000;
beta = 0.59000;
percentAccept = 99.90;
energy        =       3.0524476;
variance      =       4.4484791;
error         =   0.00066696920;
