nsd           = 2;
nel           = 2;
potpar        = 1.00;
nmc           = 10000000;
nth           = 1000000;
nvp           = 2;
alpha = 1.0000;
beta = 0.39000;
percentAccept = 99.88;
energy        =       3.0528449;
variance      =      0.95545653;
error         =   0.00030910460;
