nsd           = 2;
nel           = 2;
potpar        = 1.00;
nmc           = 10000000;
nth           = 1000000;
nvp           = 2;
alpha = 1.0000;
beta = 0.37000;
percentAccept = 99.88;
energy        =       3.0493198;
variance      =      0.82541823;
error         =   0.00028730093;
