nsd           = 2;
nel           = 2;
potpar        = 1.00;
nmc           = 10000000;
nth           = 1000000;
nvp           = 2;
alpha = 1.0200;
beta = 0.60000;
percentAccept = 99.87;
energy        =       3.0917570;
variance      =      0.91929528;
error         =   0.00030319883;
