nsd           = 2;
nel           = 2;
potpar        = 1.00;
nmc           = 10000000;
nth           = 1000000;
nvp           = 2;
alpha = 0.92000;
beta = 0.51000;
percentAccept = 99.89;
energy        =       3.0493205;
variance      =       1.0751848;
error         =   0.00032790011;
