nsd           = 2;
nel           = 2;
potpar        = 1.00;
nmc           = 10000000;
nth           = 1000000;
nvp           = 2;
alpha = 0.90000;
beta = 0.18000;
percentAccept = 99.90;
energy        =       3.0160252;
variance      =      0.46168897;
error         =   0.00021486949;
