nsd           = 2;
nel           = 2;
potpar        = 1.00;
nmc           = 10000000;
nth           = 1000000;
nvp           = 2;
alpha = 1.1600;
beta = 0.55000;
percentAccept = 99.85;
energy        =       3.1585171;
variance      =       1.2220846;
error         =   0.00034958327;
