nsd           = 2;
nel           = 2;
potpar        = 1.00;
nmc           = 10000000;
nth           = 1000000;
nvp           = 2;
alpha = 0.84000;
beta = 0.48000;
percentAccept = 99.90;
energy        =       3.0417382;
variance      =      0.58241447;
error         =   0.00024133265;
