nsd           = 2;
nel           = 2;
potpar        = 1.00;
nmc           = 10000000;
nth           = 1000000;
nvp           = 2;
alpha = 0.84000;
beta = 0.40000;
percentAccept = 99.90;
energy        =       3.0356927;
variance      =      0.69533650;
error         =   0.00026369234;
