nsd           = 2;
nel           = 2;
potpar        = 1.00;
nmc           = 10000000;
nth           = 1000000;
nvp           = 2;
alpha = 0.90000;
beta = 0.38000;
percentAccept = 99.89;
energy        =       3.0322100;
variance      =      0.56214087;
error         =   0.00023709510;
