nsd           = 2;
nel           = 2;
potpar        = 1.00;
nmc           = 10000000;
nth           = 1000000;
nvp           = 2;
alpha = 0.92000;
beta = 0.12000;
percentAccept = 99.90;
energy        =       3.0137977;
variance      =      0.44722470;
error         =   0.00021147688;
