1.88623 0.443113 0.332335 0.276946 0.242328 0.218095 0.19992 0.18564 0.174038 0.164369 
0.443113 3.66467 0.387724 0.304641 0.259637 0.230211 0.209008 0.19278 0.179839 0.169203 
0.332335 0.387724 5.56774 0.353106 0.284735 0.246222 0.220367 0.201381 0.186644 0.174763 
0.276946 0.304641 0.353106 7.50889 0.328441 0.269373 0.23535 0.212118 0.194834 0.18128 
0.242328 0.259637 0.284735 0.328441 9.46783 0.309536 0.256966 0.226259 0.205047 0.189117 
0.218095 0.230211 0.246222 0.269373 0.309536 11.4369 0.294353 0.246623 0.218482 0.19888 
0.19992 0.209008 0.220367 0.23535 0.256966 0.294353 13.4124 0.281756 0.237796 0.211709 
0.18564 0.19278 0.201381 0.212118 0.226259 0.246623 0.281756 15.3922 0.271051 0.230128 
0.174038 0.179839 0.186644 0.194834 0.205047 0.218482 0.237796 0.271051 17.3753 0.261783 
0.164369 0.169203 0.174763 0.18128 0.189117 0.19888 0.211709 0.230128 0.261783 19.3607 
