nsd           = 3;
nel           = 4;
potpar        = 4.00;
nmc           = 10000000;
nth           = 1000000;
nvp           = 2;
alpha = 3.983000000000;
beta = 0.1039000000000;
percentAccept = 98.68;
energy        = -14.50145748870;
variance      =       1.6978704;
error         =   0.00020602612;
