nsd           = 2;
nel           = 2;
potpar        = 1.00;
nmc           = 10000000;
nth           = 1000000;
nvp           = 2;
alpha = 1.0000;
beta = 0.32000;
percentAccept = 99.88;
energy        =       3.0409714;
variance      =      0.73227647;
error         =   0.00027060607;
