nsd           = 2;
nel           = 2;
potpar        = 1.00;
nmc           = 10000000;
nth           = 1000000;
nvp           = 2;
alpha = 0.80000;
beta = 0.44000;
percentAccept = 99.91;
energy        =       3.0456222;
variance      =       1.0786193;
error         =   0.00032842340;
