nsd           = 2;
nel           = 2;
potpar        = 1.00;
nmc           = 10000000;
nth           = 1000000;
nvp           = 2;
alpha = 0.82000;
beta = 0.43000;
percentAccept = 99.90;
energy        =       3.0410319;
variance      =       1.0683605;
error         =   0.00032685784;
