nsd           = 2;
nel           = 2;
potpar        = 1.00;
nmc           = 10000000;
nth           = 1000000;
nvp           = 2;
alpha = 0.82000;
beta = 0.080000;
percentAccept = 99.92;
energy        =       3.0685806;
variance      =      0.56408426;
error         =   0.00023750458;
