nsd           = 2;
nel           = 2;
potpar        = 1.00;
nmc           = 10000000;
nth           = 1000000;
nvp           = 2;
alpha = 0.90000;
beta = 0.42000;
percentAccept = 99.89;
energy        =       3.0365044;
variance      =      0.73874754;
error         =   0.00027179911;
