nsd           = 2;
nel           = 2;
potpar        = 1.00;
nmc           = 10000000;
nth           = 1000000;
nvp           = 2;
alpha = 1.0200;
beta = 0.46000;
percentAccept = 99.87;
energy        =       3.0713376;
variance      =       1.1674657;
error         =   0.00034168198;
