nsd           = 2;
nel           = 2;
potpar        = 1.00;
nmc           = 10000000;
nth           = 1000000;
nvp           = 2;
alpha = 0.96000;
beta = 0.30000;
percentAccept = 99.89;
energy        =       3.0289594;
variance      =      0.60777115;
error         =   0.00024653015;
