nsd           = 2;
nel           = 2;
potpar        = 1.00;
nmc           = 10000000;
nth           = 1000000;
nvp           = 2;
alpha = 1.2000;
beta = 0.53000;
percentAccept = 99.84;
energy        =       3.1809442;
variance      =       1.6508752;
error         =   0.00040630964;
