nsd           = 2;
nel           = 2;
potpar        = 1.00;
nmc           = 10000000;
nth           = 1000000;
nvp           = 2;
alpha = 1.1400;
beta = 0.55000;
percentAccept = 99.85;
energy        =       3.1464980;
variance      =       1.8582554;
error         =   0.00043107486;
