nsd           = 2;
nel           = 2;
potpar        = 1.00;
nmc           = 10000000;
nth           = 1000000;
nvp           = 2;
alpha = 0.96000;
beta = 0.10000;
percentAccept = 99.90;
energy        =       3.0098149;
variance      =      0.55767389;
error         =   0.00023615120;
