nsd           = 2;
nel           = 2;
potpar        = 1.00;
nmc           = 10000000;
nth           = 1000000;
nvp           = 2;
alpha = 1.1200;
beta = 0.49000;
percentAccept = 99.85;
energy        =       3.1235771;
variance      =       1.0246109;
error         =   0.00032009543;
