nsd           = 2;
nel           = 2;
potpar        = 1.00;
nmc           = 10000000;
nth           = 1000000;
nvp           = 2;
alpha = 1.2000;
beta = 0.10000;
percentAccept = 99.86;
energy        =       3.0592875;
variance      =      0.66356472;
error         =   0.00025759750;
