nsd           = 2;
nel           = 2;
potpar        = 1.00;
nmc           = 10000000;
nth           = 1000000;
nvp           = 2;
alpha = 0.82000;
beta = 0.28000;
percentAccept = 99.91;
energy        =       3.0341282;
variance      =      0.47143173;
error         =   0.00021712479;
