nsd           = 2;
nel           = 2;
potpar        = 1.00;
nmc           = 10000000;
nth           = 1000000;
nvp           = 2;
alpha = 0.82000;
beta = 0.52000;
percentAccept = 99.90;
energy        =       3.0468994;
variance      =      0.69002329;
error         =   0.00026268294;
