nsd           = 2;
nel           = 2;
potpar        = 1.00;
nmc           = 10000000;
nth           = 1000000;
nvp           = 2;
alpha = 1.0400;
beta = 0.46000;
percentAccept = 99.87;
energy        =       3.0791551;
variance      =      0.99700954;
error         =   0.00031575458;
