nsd           = 2;
nel           = 2;
potpar        = 1.00;
nmc           = 10000000;
nth           = 1000000;
nvp           = 2;
alpha = 1.1200;
beta = 0.50000;
percentAccept = 99.85;
energy        =       3.1253823;
variance      =       1.0670766;
error         =   0.00032666139;
