nsd           = 2;
nel           = 2;
potpar        = 1.00;
nmc           = 10000000;
nth           = 1000000;
nvp           = 2;
alpha = 1.1800;
beta = 0.23000;
percentAccept = 99.85;
energy        =       3.0934228;
variance      =       1.1629159;
error         =   0.00034101553;
