nsd           = 2;
nel           = 2;
potpar        = 1.00;
nmc           = 10000000;
nth           = 1000000;
nvp           = 2;
alpha = 1.0200;
beta = 0.080000;
percentAccept = 99.89;
energy        =       3.0082975;
variance      =      0.59993651;
error         =   0.00024493601;
