nsd           = 2;
nel           = 2;
potpar        = 1.00;
nmc           = 10000000;
nth           = 1000000;
nvp           = 2;
alpha = 1.0600;
beta = 0.19000;
percentAccept = 99.88;
energy        =       3.0326679;
variance      =      0.69257565;
error         =   0.00026316832;
