nsd           = 2;
nel           = 2;
potpar        = 1.00;
nmc           = 10000000;
nth           = 1000000;
nvp           = 2;
alpha = 0.80000;
beta = 0.10000;
percentAccept = 99.92;
energy        =       3.0728734;
variance      =      0.41658032;
error         =   0.00020410299;
