nsd           = 2;
nel           = 2;
potpar        = 1.00;
nmc           = 10000000;
nth           = 1000000;
nvp           = 2;
alpha = 1.1200;
beta = 0.40000;
percentAccept = 99.86;
energy        =       3.1057155;
variance      =       1.2616953;
error         =   0.00035520351;
