nsd           = 2;
nel           = 2;
potpar        = 1.00;
nmc           = 10000000;
nth           = 1000000;
nvp           = 2;
alpha = 1.2000;
beta = 0.19000;
percentAccept = 99.85;
energy        =       3.0908448;
variance      =      0.74814548;
error         =   0.00027352248;
