nsd           = 2;
nel           = 2;
potpar        = 1.00;
nmc           = 10000000;
nth           = 1000000;
nvp           = 2;
alpha = 1.1600;
beta = 0.31000;
percentAccept = 99.85;
energy        =       3.1054050;
variance      =      0.86265119;
error         =   0.00029370924;
