nsd           = 2;
nel           = 2;
potpar        = 1.00;
nmc           = 10000000;
nth           = 1000000;
nvp           = 2;
alpha = 0.88000;
beta = 0.22000;
percentAccept = 99.90;
energy        =       3.0197326;
variance      =      0.76208755;
error         =   0.00027605933;
