nsd           = 2;
nel           = 2;
potpar        = 1.00;
nmc           = 10000000;
nth           = 1000000;
nvp           = 2;
alpha = 0.86000;
beta = 0.51000;
percentAccept = 99.90;
energy        =       3.0436883;
variance      =       1.0612503;
error         =   0.00032576837;
