nsd           = 2;
nel           = 2;
potpar        = 1.00;
nmc           = 10000000;
nth           = 1000000;
nvp           = 2;
alpha = 1.1600;
beta = 0.50000;
percentAccept = 99.85;
energy        =       3.1491687;
variance      =       1.3651747;
error         =   0.00036948271;
