nsd           = 2;
nel           = 2;
potpar        = 1.00;
nmc           = 10000000;
nth           = 1000000;
nvp           = 2;
alpha = 1.1200;
beta = 0.60000;
percentAccept = 99.85;
energy        =       3.1428604;
variance      =       1.1358425;
error         =   0.00033702262;
