nsd           = 2;
nel           = 2;
potpar        = 1.00;
nmc           = 10000000;
nth           = 1000000;
nvp           = 2;
alpha = 1.1000;
beta = 0.26000;
percentAccept = 99.87;
energy        =       3.0637365;
variance      =       1.1761768;
error         =   0.00034295434;
