nsd           = 2;
nel           = 2;
potpar        = 1.00;
nmc           = 10000000;
nth           = 1000000;
nvp           = 2;
alpha = 1.1400;
beta = 0.27000;
percentAccept = 99.86;
energy        =       3.0846031;
variance      =      0.92645780;
error         =   0.00030437769;
