nsd           = 2;
nel           = 2;
potpar        = 1.00;
nmc           = 10000000;
nth           = 1000000;
nvp           = 2;
alpha = 1.1200;
beta = 0.45000;
percentAccept = 99.86;
energy        =       3.1163146;
variance      =       1.1836007;
error         =   0.00034403498;
