nsd           = 2;
nel           = 2;
potpar        = 1.00;
nmc           = 10000000;
nth           = 1000000;
nvp           = 2;
alpha = 1.0800;
beta = 0.22000;
percentAccept = 99.87;
energy        =       3.0463497;
variance      =       1.0051952;
error         =   0.00031704814;
