nsd           = 2;
nel           = 2;
potpar        = 1.00;
nmc           = 10000000;
nth           = 1000000;
nvp           = 2;
alpha = 1.1200;
beta = 0.57000;
percentAccept = 99.85;
energy        =       3.1380697;
variance      =       1.5826619;
error         =   0.00039782684;
