nsd           = 2;
nel           = 2;
potpar        = 1.00;
nmc           = 10000000;
nth           = 1000000;
nvp           = 2;
alpha = 0.96000;
beta = 0.13000;
percentAccept = 99.90;
energy        =       3.0097471;
variance      =      0.60879293;
error         =   0.00024673730;
