nsd           = 2;
nel           = 2;
potpar        = 1.00;
nmc           = 10000000;
nth           = 1000000;
nvp           = 2;
alpha = 1.1800;
beta = 0.41000;
percentAccept = 99.85;
energy        =       3.1415565;
variance      =       1.0031213;
error         =   0.00031672090;
