nsd           = 2;
nel           = 2;
potpar        = 1.00;
nmc           = 10000000;
nth           = 1000000;
nvp           = 2;
alpha = 1.0600;
beta = 0.47000;
percentAccept = 99.86;
energy        =       3.0895210;
variance      =      0.98810718;
error         =   0.00031434172;
