nsd           = 2;
nel           = 2;
potpar        = 1.00;
nmc           = 10000000;
nth           = 1000000;
nvp           = 2;
alpha = 0.94000;
beta = 0.15000;
percentAccept = 99.90;
energy        =       3.0111827;
variance      =      0.40453210;
error         =   0.00020112983;
