nsd           = 2;
nel           = 2;
potpar        = 1.00;
nmc           = 10000000;
nth           = 1000000;
nvp           = 2;
alpha = 1.0000;
beta = 0.56000;
percentAccept = 99.87;
energy        =       3.0782694;
variance      =      0.86556480;
error         =   0.00029420483;
