nsd           = 2;
nel           = 2;
potpar        = 1.00;
nmc           = 10000000;
nth           = 1000000;
nvp           = 2;
alpha = 1.1200;
beta = 0.55000;
percentAccept = 99.85;
energy        =       3.1352256;
variance      =       8.7552875;
error         =   0.00093569693;
