nsd           = 2;
nel           = 2;
potpar        = 1.00;
nmc           = 10000000;
nth           = 1000000;
nvp           = 2;
alpha = 1.1800;
beta = 0.18000;
percentAccept = 99.86;
energy        =       3.0776120;
variance      =      0.78356542;
error         =   0.00027992239;
