nsd           = 2;
nel           = 2;
potpar        = 1.00;
nmc           = 10000000;
nth           = 1000000;
nvp           = 2;
alpha = 0.82000;
beta = 0.26000;
percentAccept = 99.91;
energy        =       3.0340452;
variance      =      0.39129778;
error         =   0.00019781248;
