nsd           = 2;
nel           = 2;
potpar        = 1.00;
nmc           = 10000000;
nth           = 1000000;
nvp           = 2;
alpha = 1.2000;
beta = 0.29000;
percentAccept = 99.85;
energy        =       3.1225229;
variance      =       1.0829597;
error         =   0.00032908352;
