nsd           = 2;
nel           = 2;
potpar        = 1.00;
nmc           = 10000000;
nth           = 1000000;
nvp           = 2;
alpha = 0.82000;
beta = 0.12000;
percentAccept = 99.92;
energy        =       3.0512398;
variance      =      0.41003679;
error         =   0.00020249365;
