nsd           = 2;
nel           = 2;
potpar        = 1.00;
nmc           = 10000000;
nth           = 1000000;
nvp           = 2;
alpha = 1.1800;
beta = 0.48000;
percentAccept = 99.84;
energy        =       3.1575851;
variance      =       1.4159426;
error         =   0.00037629013;
