nsd           = 2;
nel           = 2;
potpar        = 1.00;
nmc           = 10000000;
nth           = 1000000;
nvp           = 2;
alpha = 0.82000;
beta = 0.34000;
percentAccept = 99.91;
energy        =       3.0359674;
variance      =      0.58699001;
error         =   0.00024227877;
