nsd           = 2;
nel           = 2;
potpar        = 1.00;
nmc           = 10000000;
nth           = 1000000;
nvp           = 2;
alpha = 0.90000;
beta = 0.26000;
percentAccept = 99.90;
energy        =       3.0199215;
variance      =      0.46438676;
error         =   0.00021549635;
