nsd           = 2;
nel           = 2;
potpar        = 1.00;
nmc           = 10000000;
nth           = 1000000;
nvp           = 2;
alpha = 1.1600;
beta = 0.45000;
percentAccept = 99.85;
energy        =       3.1382832;
variance      =      0.95872104;
error         =   0.00030963221;
