nsd           = 2;
nel           = 2;
potpar        = 1.00;
nmc           = 10000000;
nth           = 1000000;
nvp           = 2;
alpha = 1.0800;
beta = 0.50000;
percentAccept = 99.86;
energy        =       3.1044691;
variance      =      0.92146128;
error         =   0.00030355581;
