nsd           = 2;
nel           = 2;
potpar        = 1.00;
nmc           = 10000000;
nth           = 1000000;
nvp           = 2;
alpha = 1.1400;
beta = 0.12000;
percentAccept = 99.87;
energy        =       3.0417325;
variance      =      0.89324051;
error         =   0.00029887129;
