nsd           = 2;
nel           = 2;
potpar        = 1.00;
nmc           = 10000000;
nth           = 1000000;
nvp           = 2;
alpha = 1.0000;
beta = 0.47000;
percentAccept = 99.88;
energy        =       3.0652239;
variance      =      0.83823317;
error         =   0.00028952257;
