nsd           = 2;
nel           = 2;
potpar        = 1.00;
nmc           = 10000000;
nth           = 1000000;
nvp           = 2;
alpha = 0.82000;
beta = 0.21000;
percentAccept = 99.91;
energy        =       3.0358387;
variance      =      0.41327592;
error         =   0.00020329189;
