nsd           = 2;
nel           = 2;
potpar        = 1.00;
nmc           = 10000000;
nth           = 1000000;
nvp           = 2;
alpha = 1.1800;
beta = 0.17000;
percentAccept = 99.86;
energy        =       3.0742946;
variance      =      0.75263588;
error         =   0.00027434210;
