nsd           = 2;
nel           = 2;
potpar        = 1.00;
nmc           = 10000000;
nth           = 1000000;
nvp           = 2;
alpha = 0.98000;
beta = 0.42000;
percentAccept = 99.88;
energy        =       3.0515938;
variance      =       1.0298161;
error         =   0.00032090748;
