nsd           = 2;
nel           = 2;
potpar        = 1.00;
nmc           = 10000000;
nth           = 1000000;
nvp           = 2;
alpha = 1.1800;
beta = 0.15000;
percentAccept = 99.86;
energy        =       3.0674687;
variance      =      0.75860700;
error         =   0.00027542821;
