nsd           = 2;
nel           = 2;
potpar        = 1.00;
nmc           = 10000000;
nth           = 1000000;
nvp           = 2;
alpha = 0.90000;
beta = 0.33000;
percentAccept = 99.89;
energy        =       3.0267205;
variance      =      0.52488019;
error         =   0.00022910264;
