nsd           = 2;
nel           = 2;
potpar        = 1.00;
nmc           = 10000000;
nth           = 1000000;
nvp           = 2;
alpha = 1.0800;
beta = 0.23000;
percentAccept = 99.87;
energy        =       3.0482795;
variance      =      0.61732963;
error         =   0.00024846119;
