nsd           = 2;
nel           = 2;
potpar        = 1.00;
nmc           = 10000000;
nth           = 1000000;
nvp           = 2;
alpha = 1.0000;
beta = 0.16000;
percentAccept = 99.89;
energy        =       3.0148440;
variance      =      0.63892048;
error         =   0.00025276876;
