nsd           = 2;
nel           = 2;
potpar        = 1.00;
nmc           = 10000000;
nth           = 1000000;
nvp           = 2;
alpha = 1.1800;
beta = 0.12000;
percentAccept = 99.86;
energy        =       3.0580743;
variance      =       5.0904083;
error         =   0.00071347098;
