nsd           = 2;
nel           = 2;
potpar        = 1.00;
nmc           = 10000000;
nth           = 1000000;
nvp           = 2;
alpha = 1.0600;
beta = 0.17000;
percentAccept = 99.88;
energy        =       3.0284575;
variance      =      0.70128088;
error         =   0.00026481708;
