nsd           = 2;
nel           = 2;
potpar        = 1.00;
nmc           = 10000000;
nth           = 1000000;
nvp           = 2;
alpha = 0.80000;
beta = 0.45000;
percentAccept = 99.91;
energy        =       3.0458895;
variance      =      0.55256063;
error         =   0.00023506608;
