nsd           = 2;
nel           = 2;
potpar        = 1.00;
nmc           = 10000000;
nth           = 1000000;
nvp           = 2;
alpha = 0.84000;
beta = 0.58000;
percentAccept = 99.90;
energy        =       3.0497590;
variance      =      0.91505648;
error         =   0.00030249901;
