nsd           = 2;
nel           = 2;
potpar        = 1.00;
nmc           = 10000000;
nth           = 1000000;
nvp           = 2;
alpha = 0.92000;
beta = 0.27000;
percentAccept = 99.89;
energy        =       3.0211089;
variance      =      0.61989863;
error         =   0.00024897763;
