nsd           = 2;
nel           = 2;
potpar        = 1.00;
nmc           = 10000000;
nth           = 1000000;
nvp           = 2;
alpha = 1.0600;
beta = 0.20000;
percentAccept = 99.88;
energy        =       3.0346627;
variance      =      0.51104573;
error         =   0.00022606321;
