nsd           = 2;
nel           = 2;
potpar        = 1.00;
nmc           = 10000000;
nth           = 1000000;
nvp           = 2;
alpha = 0.90000;
beta = 0.32000;
percentAccept = 99.90;
energy        =       3.0258609;
variance      =      0.55350034;
error         =   0.00023526588;
