nsd           = 2;
nel           = 2;
potpar        = 1.00;
nmc           = 10000000;
nth           = 1000000;
nvp           = 2;
alpha = 0.96000;
beta = 0.080000;
percentAccept = 99.90;
energy        =       3.0108432;
variance      =      0.49452783;
error         =   0.00022237982;
