nsd           = 2;
nel           = 2;
potpar        = 1.00;
nmc           = 10000000;
nth           = 1000000;
nvp           = 2;
alpha = 0.90000;
beta = 0.21000;
percentAccept = 99.90;
energy        =       3.0169516;
variance      =      0.62499446;
error         =   0.00024999889;
