nsd           = 2;
nel           = 2;
potpar        = 1.00;
nmc           = 10000000;
nth           = 1000000;
nvp           = 2;
alpha = 0.98000;
beta = 0.58000;
percentAccept = 99.88;
energy        =       3.0739884;
variance      =       1.1232086;
error         =   0.00033514304;
