nsd           = 2;
nel           = 2;
potpar        = 1.00;
nmc           = 10000000;
nth           = 1000000;
nvp           = 2;
alpha = 1.0000;
beta = 0.46000;
percentAccept = 99.88;
energy        =       3.0639987;
variance      =       3.1022271;
error         =   0.00055697640;
