nsd           = 2;
nel           = 2;
potpar        = 1.00;
nmc           = 10000000;
nth           = 1000000;
nvp           = 2;
alpha = 1.1800;
beta = 0.21000;
percentAccept = 99.85;
energy        =       3.0870900;
variance      =      0.91116650;
error         =   0.00030185535;
