nsd           = 2;
nel           = 2;
potpar        = 1.00;
nmc           = 10000000;
nth           = 1000000;
nvp           = 2;
alpha = 1.0000;
beta = 0.28000;
percentAccept = 99.88;
energy        =       3.0345093;
variance      =       1.9154741;
error         =   0.00043766129;
