nsd           = 2;
nel           = 2;
potpar        = 1.00;
nmc           = 10000000;
nth           = 1000000;
nvp           = 2;
alpha = 1.1200;
beta = 0.42000;
percentAccept = 99.86;
energy        =       3.1098827;
variance      =       1.3296795;
error         =   0.00036464770;
