nsd           = 2;
nel           = 2;
potpar        = 1.00;
nmc           = 10000000;
nth           = 1000000;
nvp           = 2;
alpha = 1.0200;
beta = 0.17000;
percentAccept = 99.88;
energy        =       3.0193962;
variance      =      0.77175215;
error         =   0.00027780427;
