nsd           = 2;
nel           = 2;
potpar        = 1.00;
nmc           = 10000000;
nth           = 1000000;
nvp           = 2;
alpha = 1.1600;
beta = 0.47000;
percentAccept = 99.85;
energy        =       3.1426504;
variance      =       1.0191294;
error         =   0.00031923806;
