nsd           = 2;
nel           = 2;
potpar        = 1.00;
nmc           = 10000000;
nth           = 1000000;
nvp           = 2;
alpha = 0.92000;
beta = 0.18000;
percentAccept = 99.90;
energy        =       3.0135359;
variance      =      0.37956118;
error         =   0.00019482330;
