nsd           = 2;
nel           = 2;
potpar        = 1.00;
nmc           = 10000000;
nth           = 1000000;
nvp           = 2;
alpha = 1.0000;
beta = 0.54000;
percentAccept = 99.87;
energy        =       3.0756077;
variance      =       1.0703155;
error         =   0.00032715677;
