nsd           = 2;
nel           = 2;
potpar        = 1.00;
nmc           = 10000000;
nth           = 1000000;
nvp           = 2;
alpha = 1.1600;
beta = 0.26000;
percentAccept = 99.85;
energy        =       3.0918762;
variance      =      0.88951075;
error         =   0.00029824667;
