nsd           = 2;
nel           = 2;
potpar        = 1.00;
nmc           = 10000000;
nth           = 1000000;
nvp           = 2;
alpha = 0.94000;
beta = 0.10000;
percentAccept = 99.90;
energy        =       3.0119530;
variance      =      0.38757055;
error         =   0.00019686812;
