nsd           = 2;
nel           = 2;
potpar        = 1.00;
nmc           = 10000000;
nth           = 1000000;
nvp           = 2;
alpha = 0.92000;
beta = 0.58000;
percentAccept = 99.89;
energy        =       3.0570344;
variance      =      0.90516457;
error         =   0.00030085953;
