nsd           = 2;
nel           = 2;
potpar        = 1.00;
nmc           = 10000000;
nth           = 1000000;
nvp           = 2;
alpha = 1.1600;
beta = 0.10000;
percentAccept = 99.87;
energy        =       3.0430191;
variance      =      0.63607795;
error         =   0.00025220586;
