nsd           = 2;
nel           = 2;
potpar        = 1.00;
nmc           = 10000000;
nth           = 1000000;
nvp           = 2;
alpha = 0.82000;
beta = 0.22000;
percentAccept = 99.91;
energy        =       3.0352284;
variance      =      0.40054094;
error         =   0.00020013519;
