nsd           = 2;
nel           = 2;
potpar        = 1.00;
nmc           = 10000000;
nth           = 1000000;
nvp           = 2;
alpha = 0.90000;
beta = 0.20000;
percentAccept = 99.90;
energy        =       3.0162816;
variance      =      0.46596193;
error         =   0.00021586151;
