nsd           = 2;
nel           = 2;
potpar        = 1.00;
nmc           = 10000000;
nth           = 1000000;
nvp           = 2;
alpha = 1.0600;
beta = 0.23000;
percentAccept = 99.87;
energy        =       3.0416556;
variance      =      0.92364272;
error         =   0.00030391491;
