nsd           = 2;
nel           = 2;
potpar        = 1.00;
nmc           = 10000000;
nth           = 1000000;
nvp           = 2;
alpha = 0.98000;
beta = 0.080000;
percentAccept = 99.90;
energy        =       3.0086125;
variance      =      0.35337154;
error         =   0.00018798179;
