nsd           = 2;
nel           = 2;
potpar        = 1.00;
nmc           = 10000000;
nth           = 1000000;
nvp           = 2;
alpha = 1.1000;
beta = 0.33000;
percentAccept = 99.86;
energy        =       3.0807260;
variance      =       2.3093436;
error         =   0.00048055630;
