nsd           = 2;
nel           = 2;
potpar        = 1.00;
nmc           = 10000000;
nth           = 1000000;
nvp           = 2;
alpha = 1.1800;
beta = 0.35000;
percentAccept = 99.85;
energy        =       3.1275238;
variance      =       1.4374385;
error         =   0.00037913566;
