nsd           = 2;
nel           = 2;
potpar        = 1.00;
nmc           = 10000000;
nth           = 1000000;
nvp           = 2;
alpha = 1.0000;
beta = 0.58000;
percentAccept = 99.87;
energy        =       3.0813634;
variance      =       1.5174252;
error         =   0.00038954143;
