nsd           = 2;
nel           = 2;
potpar        = 1.00;
nmc           = 10000000;
nth           = 1000000;
nvp           = 2;
alpha = 1.0400;
beta = 0.47000;
percentAccept = 99.87;
energy        =       3.0807375;
variance      =      0.95036227;
error         =   0.00030827946;
