nsd           = 2;
nel           = 2;
potpar        = 1.00;
nmc           = 10000000;
nth           = 1000000;
nvp           = 2;
alpha = 0.94000;
beta = 0.42000;
percentAccept = 99.89;
energy        =       3.0421732;
variance      =      0.72939402;
error         =   0.00027007296;
