nsd           = 2;
nel           = 2;
potpar        = 1.00;
nmc           = 10000000;
nth           = 1000000;
nvp           = 2;
alpha = 0.86000;
beta = 0.25000;
percentAccept = 99.90;
energy        =       3.0241237;
variance      =      0.52726178;
error         =   0.00022962181;
