nsd           = 2;
nel           = 2;
potpar        = 1.00;
nmc           = 10000000;
nth           = 1000000;
nvp           = 2;
alpha = 1.1000;
beta = 0.32000;
percentAccept = 99.86;
energy        =       3.0781326;
variance      =       1.2017042;
error         =   0.00034665606;
