nsd           = 2;
nel           = 2;
potpar        = 1.00;
nmc           = 10000000;
nth           = 1000000;
nvp           = 2;
alpha = 1.0800;
beta = 0.30000;
percentAccept = 99.87;
energy        =       3.0651454;
variance      =       6.2516391;
error         =   0.00079067307;
