nsd           = 2;
nel           = 2;
potpar        = 1.00;
nmc           = 10000000;
nth           = 1000000;
nvp           = 2;
alpha = 0.82000;
beta = 0.50000;
percentAccept = 99.90;
energy        =       3.0453276;
variance      =      0.67292957;
error         =   0.00025940886;
