nsd           = 2;
nel           = 2;
potpar        = 1.00;
nmc           = 10000000;
nth           = 1000000;
nvp           = 2;
alpha = 1.2000;
beta = 0.11000;
percentAccept = 99.86;
energy        =       3.0628176;
variance      =      0.69665176;
error         =   0.00026394161;
