nsd           = 2;
nel           = 2;
potpar        = 1.00;
nmc           = 10000000;
nth           = 1000000;
nvp           = 2;
alpha = 0.88000;
beta = 0.44000;
percentAccept = 99.90;
energy        =       3.0379415;
variance      =       1.4911257;
error         =   0.00038615096;
