nsd           = 2;
nel           = 2;
potpar        = 1.00;
nmc           = 10000000;
nth           = 1000000;
nvp           = 2;
alpha = 0.96000;
beta = 0.59000;
percentAccept = 99.88;
energy        =       3.0687187;
variance      =       1.1891611;
error         =   0.00034484215;
