nsd           = 2;
nel           = 2;
potpar        = 1.00;
nmc           = 10000000;
nth           = 1000000;
nvp           = 2;
alpha = 0.88000;
beta = 0.55000;
percentAccept = 99.89;
energy        =       3.0488101;
variance      =      0.89651816;
error         =   0.00029941913;
