nsd           = 2;
nel           = 2;
potpar        = 1.00;
nmc           = 10000000;
nth           = 1000000;
nvp           = 2;
alpha = 0.84000;
beta = 0.46000;
percentAccept = 99.90;
energy        =       3.0401539;
variance      =      0.57008564;
error         =   0.00023876466;
