nsd           = 2;
nel           = 2;
potpar        = 1.00;
nmc           = 10000000;
nth           = 1000000;
nvp           = 2;
alpha = 1.2000;
beta = 0.30000;
percentAccept = 99.85;
energy        =       3.1254470;
variance      =       1.0651062;
error         =   0.00032635965;
