nsd           = 2;
nel           = 2;
potpar        = 1.00;
nmc           = 10000000;
nth           = 1000000;
nvp           = 2;
alpha = 1.0400;
beta = 0.60000;
percentAccept = 99.87;
energy        =       3.1011818;
variance      =       1.1944951;
error         =   0.00034561469;
