nsd           = 2;
nel           = 2;
potpar        = 1.00;
nmc           = 10000000;
nth           = 1000000;
nvp           = 2;
alpha = 1.0800;
beta = 0.27000;
percentAccept = 99.87;
energy        =       3.0575612;
variance      =      0.70106540;
error         =   0.00026477640;
