nsd           = 2;
nel           = 2;
potpar        = 1.00;
nmc           = 10000000;
nth           = 1000000;
nvp           = 2;
alpha = 1.1200;
beta = 0.24000;
percentAccept = 99.86;
energy        =       3.0669204;
variance      =      0.65498095;
error         =   0.00025592596;
