nsd           = 2;
nel           = 2;
potpar        = 1.00;
nmc           = 10000000;
nth           = 1000000;
nvp           = 2;
alpha = 0.98000;
beta = 0.21000;
percentAccept = 99.89;
energy        =       3.0189575;
variance      =      0.57452550;
error         =   0.00023969262;
