nsd           = 2;
nel           = 2;
potpar        = 1.00;
nmc           = 10000000;
nth           = 1000000;
nvp           = 2;
alpha = 1.1400;
beta = 0.16000;
percentAccept = 99.87;
energy        =       3.0533710;
variance      =       1.0751126;
error         =   0.00032788910;
