nsd           = 2;
nel           = 2;
potpar        = 1.00;
nmc           = 10000000;
nth           = 1000000;
nvp           = 2;
alpha = 1.0600;
beta = 0.29000;
percentAccept = 99.87;
energy        =       3.0544663;
variance      =      0.78089818;
error         =   0.00027944555;
