nsd           = 2;
nel           = 2;
potpar        = 1.00;
nmc           = 10000000;
nth           = 1000000;
nvp           = 2;
alpha = 0.92000;
beta = 0.090000;
percentAccept = 99.90;
energy        =       3.0170760;
variance      =      0.44693601;
error         =   0.00021140861;
