nsd           = 2;
nel           = 2;
potpar        = 1.00;
nmc           = 10000000;
nth           = 1000000;
nvp           = 2;
alpha = 0.88000;
beta = 0.13000;
percentAccept = 99.91;
energy        =       3.0222643;
variance      =      0.41652092;
error         =   0.00020408844;
