nsd           = 2;
nel           = 2;
potpar        = 1.00;
nmc           = 10000000;
nth           = 1000000;
nvp           = 2;
alpha = 0.94000;
beta = 0.60000;
percentAccept = 99.88;
energy        =       3.0640683;
variance      =       1.0029440;
error         =   0.00031669291;
