nsd           = 2;
nel           = 2;
potpar        = 1.00;
nmc           = 10000000;
nth           = 1000000;
nvp           = 2;
alpha = 1.2000;
beta = 0.36000;
percentAccept = 99.84;
energy        =       3.1424318;
variance      =       3.2366938;
error         =   0.00056891949;
