nsd           = 2;
nel           = 2;
potpar        = 1.00;
nmc           = 10000000;
nth           = 1000000;
nvp           = 2;
alpha = 0.96000;
beta = 0.18000;
percentAccept = 99.89;
energy        =       3.0132107;
variance      =      0.53021129;
error         =   0.00023026317;
