nsd           = 2;
nel           = 2;
potpar        = 1.00;
nmc           = 10000000;
nth           = 1000000;
nvp           = 2;
alpha = 1.1800;
beta = 0.080000;
percentAccept = 99.87;
energy        =       3.0442990;
variance      =      0.96120848;
error         =   0.00031003362;
