nsd           = 2;
nel           = 2;
potpar        = 1.00;
nmc           = 10000000;
nth           = 1000000;
nvp           = 2;
alpha = 0.80000;
beta = 0.23000;
percentAccept = 99.91;
energy        =       3.0434975;
variance      =       1.2573975;
error         =   0.00035459801;
