nsd           = 2;
nel           = 2;
potpar        = 1.00;
nmc           = 10000000;
nth           = 1000000;
nvp           = 2;
alpha = 0.86000;
beta = 0.46000;
percentAccept = 99.90;
energy        =       3.0396931;
variance      =       1.5210989;
error         =   0.00039001267;
