nsd           = 2;
nel           = 2;
potpar        = 1.00;
nmc           = 10000000;
nth           = 1000000;
nvp           = 2;
alpha = 1.0800;
beta = 0.45000;
percentAccept = 99.86;
energy        =       3.0954038;
variance      =      0.94555490;
error         =   0.00030749876;
