nsd           = 2;
nel           = 2;
potpar        = 1.00;
nmc           = 10000000;
nth           = 1000000;
nvp           = 2;
alpha = 0.90000;
beta = 0.31000;
percentAccept = 99.90;
energy        =       3.0247611;
variance      =      0.50484702;
error         =   0.00022468801;
