nsd           = 2;
nel           = 2;
potpar        = 1.00;
nmc           = 10000000;
nth           = 1000000;
nvp           = 2;
alpha = 1.0200;
beta = 0.25000;
percentAccept = 99.88;
energy        =       3.0336709;
variance      =      0.62401857;
error         =   0.00024980364;
