nsd           = 2;
nel           = 2;
potpar        = 1.00;
nmc           = 10000000;
nth           = 1000000;
nvp           = 2;
alpha = 0.82000;
beta = 0.16000;
percentAccept = 99.91;
energy        =       3.0417967;
variance      =      0.40959758;
error         =   0.00020238517;
