nsd           = 2;
nel           = 2;
potpar        = 1.00;
nmc           = 10000000;
nth           = 1000000;
nvp           = 2;
alpha = 1.1200;
beta = 0.38000;
percentAccept = 99.86;
energy        =       3.1014125;
variance      =       1.0775306;
error         =   0.00032825761;
