nsd           = 2;
nel           = 2;
potpar        = 1.00;
nmc           = 10000000;
nth           = 1000000;
nvp           = 2;
alpha = 1.0600;
beta = 0.48000;
percentAccept = 99.86;
energy        =       3.0912267;
variance      =      0.90552719;
error         =   0.00030091979;
