nsd           = 2;
nel           = 2;
potpar        = 1.00;
nmc           = 10000000;
nth           = 1000000;
nvp           = 2;
alpha = 0.80000;
beta = 0.60000;
percentAccept = 99.90;
energy        =       3.0549676;
variance      =      0.70472363;
error         =   0.00026546631;
