nsd           = 2;
nel           = 2;
potpar        = 1.00;
nmc           = 10000000;
nth           = 1000000;
nvp           = 2;
alpha = 0.98000;
beta = 0.12000;
percentAccept = 99.89;
energy        =       3.0091038;
variance      =      0.41878380;
error         =   0.00020464208;
