nsd           = 2;
nel           = 2;
potpar        = 1.00;
nmc           = 10000000;
nth           = 1000000;
nvp           = 2;
alpha = 0.88000;
beta = 0.49000;
percentAccept = 99.89;
energy        =       3.0424470;
variance      =      0.70981431;
error         =   0.00026642341;
