nsd           = 2;
nel           = 2;
potpar        = 1.00;
nmc           = 10000000;
nth           = 1000000;
nvp           = 2;
alpha = 1.0000;
beta = 0.50000;
percentAccept = 99.87;
energy        =       3.0702197;
variance      =       1.4378802;
error         =   0.00037919391;
