nsd           = 2;
nel           = 2;
potpar        = 1.00;
nmc           = 10000000;
nth           = 1000000;
nvp           = 2;
alpha = 0.92000;
beta = 0.43000;
percentAccept = 99.89;
energy        =       3.0402072;
variance      =      0.68774229;
error         =   0.00026224841;
