nsd           = 2;
nel           = 2;
potpar        = 1.00;
nmc           = 10000000;
nth           = 1000000;
nvp           = 2;
alpha = 1.1800;
beta = 0.43000;
percentAccept = 99.85;
energy        =       3.1465525;
variance      =       1.8542510;
error         =   0.00043061015;
