nsd           = 2;
nel           = 2;
potpar        = 1.00;
nmc           = 10000000;
nth           = 1000000;
nvp           = 2;
alpha = 1.1400;
beta = 0.56000;
percentAccept = 99.85;
energy        =       3.1479958;
variance      =       1.1362081;
error         =   0.00033707686;
