nsd           = 2;
nel           = 2;
potpar        = 1.00;
nmc           = 10000000;
nth           = 1000000;
nvp           = 2;
alpha = 0.90000;
beta = 0.52000;
percentAccept = 99.89;
energy        =       3.0474868;
variance      =      0.81811147;
error         =   0.00028602648;
