nsd           = 2;
nel           = 2;
potpar        = 1.00;
nmc           = 10000000;
nth           = 1000000;
nvp           = 2;
alpha = 1.1600;
beta = 0.090000;
percentAccept = 99.87;
energy        =       3.0397964;
variance      =      0.52533682;
error         =   0.00022920227;
