nsd           = 2;
nel           = 2;
potpar        = 1.00;
nmc           = 10000000;
nth           = 1000000;
nvp           = 2;
alpha = 0.86000;
beta = 0.30000;
percentAccept = 99.90;
energy        =       3.0261699;
variance      =      0.59660030;
error         =   0.00024425403;
