nsd           = 2;
nel           = 2;
potpar        = 1.00;
nmc           = 10000000;
nth           = 1000000;
nvp           = 2;
alpha = 0.98000;
beta = 0.13000;
percentAccept = 99.89;
energy        =       3.0095697;
variance      =      0.41347987;
error         =   0.00020334204;
