nsd           = 2;
nel           = 2;
potpar        = 1.00;
nmc           = 10000000;
nth           = 1000000;
nvp           = 2;
alpha = 1.1800;
beta = 0.090000;
percentAccept = 99.86;
energy        =       3.0476101;
variance      =      0.63250779;
error         =   0.00025149708;
