nsd           = 2;
nel           = 2;
potpar        = 1.00;
nmc           = 10000000;
nth           = 1000000;
nvp           = 2;
alpha = 1.1200;
beta = 0.22000;
percentAccept = 99.86;
energy        =       3.0614530;
variance      =      0.58927427;
error         =   0.00024274972;
