nsd           = 2;
nel           = 2;
potpar        = 1.00;
nmc           = 10000000;
nth           = 1000000;
nvp           = 2;
alpha = 1.2000;
beta = 0.13000;
percentAccept = 99.86;
energy        =       3.0698293;
variance      =      0.58178331;
error         =   0.00024120185;
