nsd           = 2;
nel           = 2;
potpar        = 1.00;
nmc           = 10000000;
nth           = 1000000;
nvp           = 2;
alpha = 1.0000;
beta = 0.36000;
percentAccept = 99.88;
energy        =       3.0474324;
variance      =      0.63518947;
error         =   0.00025202966;
