nsd           = 2;
nel           = 2;
potpar        = 1.00;
nmc           = 10000000;
nth           = 1000000;
nvp           = 2;
alpha = 1.1800;
beta = 0.27000;
percentAccept = 99.85;
energy        =       3.1053754;
variance      =      0.80889921;
error         =   0.00028441154;
