nsd           = 2;
nel           = 2;
potpar        = 1.00;
nmc           = 10000000;
nth           = 1000000;
nvp           = 2;
alpha = 1.1600;
beta = 0.30000;
percentAccept = 99.85;
energy        =       3.1029615;
variance      =       1.2379397;
error         =   0.00035184367;
