nsd           = 2;
nel           = 2;
potpar        = 1.00;
nmc           = 10000000;
nth           = 1000000;
nvp           = 2;
alpha = 0.82000;
beta = 0.57000;
percentAccept = 99.90;
energy        =       3.0502847;
variance      =      0.65404230;
error         =   0.00025574251;
