nsd           = 2;
nel           = 2;
potpar        = 1.00;
nmc           = 10000000;
nth           = 1000000;
nvp           = 2;
alpha = 0.94000;
beta = 0.44000;
percentAccept = 99.89;
energy        =       3.0445546;
variance      =      0.72153615;
error         =   0.00026861425;
