nsd           = 2;
nel           = 2;
potpar        = 1.00;
nmc           = 10000000;
nth           = 1000000;
nvp           = 2;
alpha = 1.0600;
beta = 0.21000;
percentAccept = 99.87;
energy        =       3.0371661;
variance      =      0.58980351;
error         =   0.00024285871;
