nsd           = 2;
nel           = 2;
potpar        = 1.00;
nmc           = 10000000;
nth           = 1000000;
nvp           = 2;
alpha = 0.96000;
beta = 0.11000;
percentAccept = 99.90;
energy        =       3.0093241;
variance      =      0.37253305;
error         =   0.00019301115;
