nsd           = 2;
nel           = 2;
potpar        = 1.00;
nmc           = 10000000;
nth           = 1000000;
nvp           = 2;
alpha = 1.0400;
beta = 0.16000;
percentAccept = 99.88;
energy        =       3.0211882;
variance      =      0.47042131;
error         =   0.00021689198;
