nsd           = 2;
nel           = 2;
potpar        = 1.00;
nmc           = 10000000;
nth           = 1000000;
nvp           = 2;
alpha = 0.94000;
beta = 0.17000;
percentAccept = 99.90;
energy        =       3.0122921;
variance      =      0.44450682;
error         =   0.00021083330;
