nsd           = 2;
nel           = 2;
potpar        = 1.00;
nmc           = 10000000;
nth           = 1000000;
nvp           = 2;
alpha = 1.1000;
beta = 0.18000;
percentAccept = 99.87;
energy        =       3.0434004;
variance      =      0.60095817;
error         =   0.00024514448;
