nsd           = 2;
nel           = 2;
potpar        = 1.00;
nmc           = 10000000;
nth           = 1000000;
nvp           = 2;
alpha = 1.0000;
beta = 0.23000;
percentAccept = 99.88;
energy        =       3.0254267;
variance      =      0.69755192;
error         =   0.00026411208;
