nsd           = 2;
nel           = 2;
potpar        = 1.00;
nmc           = 10000000;
nth           = 1000000;
nvp           = 2;
alpha = 1.0400;
beta = 0.11000;
percentAccept = 99.88;
energy        =       3.0131958;
variance      =      0.72058766;
error         =   0.00026843764;
