nsd           = 2;
nel           = 2;
potpar        = 1.00;
nmc           = 10000000;
nth           = 1000000;
nvp           = 2;
alpha = 1.1600;
beta = 0.60000;
percentAccept = 99.84;
energy        =       3.1672446;
variance      =       1.2346613;
error         =   0.00035137748;
