nsd           = 2;
nel           = 2;
potpar        = 1.00;
nmc           = 10000000;
nth           = 1000000;
nvp           = 2;
alpha = 1.1600;
beta = 0.24000;
percentAccept = 99.86;
energy        =       3.0862232;
variance      =      0.96603765;
error         =   0.00031081146;
