sys = Be
nsd = 3
nel = 4
potpar = 4
lambda = 1
nmc = 8.000000e+07
nth = 8.000000e+06
dt = 1.0000e-02
nvp = 2
alpha = 3.981
beta = 0.09271
enableBlocking = yes
enableCorrelation = yes
