nsd           = 3;
nel           = 2;
potpar        = 2.00;
nmc           = 10000000;
nth           = 1000000;
nvp           = 2;
alpha = 1.5500;
beta = 0.10000;
percentAccept = 99.56;
energy        =      -2.7354869;
variance      =      0.75941392;
error         =   0.00027557466;
