nsd           = 3;
nel           = 2;
potpar        = 2.00;
nmc           = 10000000;
nth           = 1000000;
nvp           = 2;
alpha = 2.2500;
beta = 0.95000;
percentAccept = 98.49;
energy        =      -2.6587698;
variance      =       1.1103804;
error         =   0.00033322371;
