nsd           = 3;
nel           = 2;
potpar        = 2.00;
nmc           = 10000000;
nth           = 1000000;
nvp           = 2;
alpha = 3.0000;
beta = 0.15000;
percentAccept = 97.10;
energy        =      -1.7686135;
variance      =       15.826180;
error         =    0.0012580214;
