nsd           = 3;
nel           = 2;
potpar        = 2.00;
nmc           = 10000000;
nth           = 1000000;
nvp           = 2;
alpha = 1.9500;
beta = 0.30000;
percentAccept = 99.07;
energy        =      -2.8819251;
variance      =     0.074180068;
error         =   8.6127852E-05;
