nsd           = 3;
nel           = 2;
potpar        = 2.00;
nmc           = 10000000;
nth           = 1000000;
nvp           = 2;
alpha = 2.4500;
beta = 0.75000;
percentAccept = 98.14;
energy        =      -2.4671817;
variance      =       2.9230641;
error         =   0.00054065369;
