nsd           = 3;
nel           = 2;
potpar        = 2.00;
nmc           = 10000000;
nth           = 1000000;
nvp           = 2;
alpha = 2.4000;
beta = 0.60000;
percentAccept = 98.27;
energy        =      -2.5516047;
variance      =       2.1777707;
error         =   0.00046666591;
