nsd           = 3;
nel           = 2;
potpar        = 2.00;
nmc           = 10000000;
nth           = 1000000;
nvp           = 2;
alpha = 2.9500;
beta = 0.15000;
percentAccept = 97.23;
energy        =      -1.8694563;
variance      =       13.772732;
error         =    0.0011735728;
