nsd           = 3;
nel           = 2;
potpar        = 2.00;
nmc           = 10000000;
nth           = 1000000;
nvp           = 2;
alpha = 2.0000;
beta = 0.75000;
percentAccept = 98.92;
energy        =      -2.8391437;
variance      =      0.13841396;
error         =   0.00011764946;
