nsd           = 3;
nel           = 2;
potpar        = 2.00;
nmc           = 10000000;
nth           = 1000000;
nvp           = 2;
alpha = 1.6000;
beta = 0.75000;
percentAccept = 99.41;
energy        =      -2.8550654;
variance      =      0.56970614;
error         =   0.00023868518;
