nsd           = 3;
nel           = 2;
potpar        = 2.00;
nmc           = 10000000;
nth           = 1000000;
nvp           = 2;
alpha = 1.3500;
beta = 0.15000;
percentAccept = 99.70;
energy        =      -2.5967010;
variance      =       1.0914989;
error         =   0.00033037841;
