nsd           = 3;
nel           = 2;
potpar        = 2.00;
nmc           = 10000000;
nth           = 1000000;
nvp           = 2;
alpha = 2.7000;
beta = 0.90000;
percentAccept = 97.57;
energy        =      -2.0661061;
variance      =       8.1097240;
error         =   0.00090054006;
