nsd           = 3;
nel           = 2;
potpar        = 2.00;
nmc           = 10000000;
nth           = 1000000;
nvp           = 2;
alpha = 1.5000;
beta = 0.20000;
percentAccept = 99.57;
energy        =      -2.7498705;
variance      =      0.81609615;
error         =   0.00028567397;
