nsd           = 3;
nel           = 2;
potpar        = 2.00;
nmc           = 10000000;
nth           = 1000000;
nvp           = 2;
alpha = 1.7000;
beta = 0.10000;
percentAccept = 99.43;
energy        =      -2.8245197;
variance      =      0.48298154;
error         =   0.00021976841;
