nsd           = 3;
nel           = 2;
potpar        = 2.00;
nmc           = 10000000;
nth           = 1000000;
nvp           = 2;
alpha = 2.7500;
beta = 0.10000;
percentAccept = 97.75;
energy        =      -2.2587396;
variance      =       7.1994109;
error         =   0.00084849342;
