nsd           = 3;
nel           = 2;
potpar        = 2.00;
nmc           = 10000000;
nth           = 1000000;
nvp           = 2;
alpha = 3.0000;
beta = 0.55000;
percentAccept = 96.90;
energy        =      -1.5593030;
variance      =       17.303706;
error         =    0.0013154355;
