nsd           = 3;
nel           = 2;
potpar        = 2.00;
nmc           = 10000000;
nth           = 1000000;
nvp           = 2;
alpha = 2.1500;
beta = 0.050000;
percentAccept = 98.91;
energy        =      -2.8448349;
variance      =      0.33893643;
error         =   0.00018410226;
