nsd           = 3;
nel           = 2;
potpar        = 2.00;
nmc           = 10000000;
nth           = 1000000;
nvp           = 2;
alpha = 2.8500;
beta = 0.20000;
percentAccept = 97.44;
energy        =      -2.0267213;
variance      =       10.509682;
error         =    0.0010251674;
