nsd           = 3;
nel           = 2;
potpar        = 2.00;
nmc           = 10000000;
nth           = 1000000;
nvp           = 2;
alpha = 1.5000;
beta = 0.90000;
percentAccept = 99.49;
energy        =      -2.8162863;
variance      =      0.82569861;
error         =   0.00028734972;
