nsd           = 3;
nel           = 2;
potpar        = 2.00;
nmc           = 10000000;
nth           = 1000000;
nvp           = 2;
alpha = 1.5500;
beta = 0.45000;
percentAccept = 99.48;
energy        =      -2.8235456;
variance      =      0.66332072;
error         =   0.00025755013;
