nsd           = 3;
nel           = 2;
potpar        = 2.00;
nmc           = 10000000;
nth           = 1000000;
nvp           = 2;
alpha = 2.1000;
beta = 0.65000;
percentAccept = 98.78;
energy        =      -2.7976189;
variance      =      0.30018121;
error         =   0.00017325739;
