nsd           = 3;
nel           = 2;
potpar        = 2.00;
nmc           = 10000000;
nth           = 1000000;
nvp           = 2;
alpha = 2.2500;
beta = 0.30000;
percentAccept = 98.62;
energy        =      -2.7475923;
variance      =      0.77082727;
error         =   0.00027763776;
