nsd           = 3;
nel           = 2;
potpar        = 2.00;
nmc           = 10000000;
nth           = 1000000;
nvp           = 2;
alpha = 2.5500;
beta = 0.30000;
percentAccept = 98.06;
energy        =      -2.4458829;
variance      =       3.7780298;
error         =   0.00061465679;
