nsd           = 3;
nel           = 2;
potpar        = 2.00;
nmc           = 10000000;
nth           = 1000000;
nvp           = 2;
alpha = 2.9000;
beta = 0.30000;
percentAccept = 97.26;
energy        =      -1.8769130;
variance      =       12.598220;
error         =    0.0011224179;
