nsd           = 3;
nel           = 2;
potpar        = 2.00;
nmc           = 10000000;
nth           = 1000000;
nvp           = 2;
alpha = 2.7500;
beta = 0.95000;
percentAccept = 97.44;
energy        =      -1.9666118;
variance      =       13.077032;
error         =    0.0011435485;
