nsd           = 3;
nel           = 2;
potpar        = 2.00;
nmc           = 10000000;
nth           = 1000000;
nvp           = 2;
alpha = 1.7000;
beta = 0.40000;
percentAccept = 99.34;
energy        =      -2.8747388;
variance      =      0.35354419;
error         =   0.00018802771;
