nsd           = 3;
nel           = 2;
potpar        = 2.00;
nmc           = 10000000;
nth           = 1000000;
nvp           = 2;
alpha = 1.8000;
beta = 0.30000;
percentAccept = 99.25;
energy        =      -2.8874668;
variance      =      0.20526413;
error         =   0.00014327042;
