nsd           = 3;
nel           = 2;
potpar        = 2.00;
nmc           = 10000000;
nth           = 1000000;
nvp           = 2;
alpha = 2.6000;
beta = 0.85000;
percentAccept = 97.81;
energy        =      -2.2404122;
variance      =       5.4829688;
error         =   0.00074047071;
