nsd           = 3;
nel           = 2;
potpar        = 2.00;
nmc           = 10000000;
nth           = 1000000;
nvp           = 2;
alpha = 1.1500;
beta = 0.15000;
percentAccept = 99.81;
energy        =      -2.3630079;
variance      =       1.3572506;
error         =   0.00036840882;
