nsd           = 3;
nel           = 2;
potpar        = 2.00;
nmc           = 10000000;
nth           = 1000000;
nvp           = 2;
alpha = 2.4500;
beta = 0.65000;
percentAccept = 98.16;
energy        =      -2.4838937;
variance      =       2.8323161;
error         =   0.00053219509;
