nsd           = 3;
nel           = 2;
potpar        = 2.00;
nmc           = 10000000;
nth           = 1000000;
nvp           = 2;
alpha = 2.7000;
beta = 0.25000;
percentAccept = 97.76;
energy        =      -2.2526825;
variance      =       6.5352759;
error         =   0.00080841053;
