nsd           = 3;
nel           = 2;
potpar        = 2.00;
nmc           = 10000000;
nth           = 1000000;
nvp           = 2;
alpha = 2.0000;
beta = 0.90000;
percentAccept = 98.90;
energy        =      -2.8305548;
variance      =      0.16776045;
error         =   0.00012952237;
