nsd           = 3;
nel           = 2;
potpar        = 2.00;
nmc           = 10000000;
nth           = 1000000;
nvp           = 2;
alpha = 2.6500;
beta = 0.25000;
percentAccept = 97.87;
energy        =      -2.3287099;
variance      =       5.3521744;
error         =   0.00073158556;
