nsd           = 3;
nel           = 2;
potpar        = 2.00;
nmc           = 10000000;
nth           = 1000000;
nvp           = 2;
alpha = 2.1500;
beta = 0.95000;
percentAccept = 98.67;
energy        =      -2.7404171;
variance      =      0.57167677;
error         =   0.00023909763;
