nsd           = 3;
nel           = 2;
potpar        = 2.00;
nmc           = 10000000;
nth           = 1000000;
nvp           = 2;
alpha = 2.6000;
beta = 0.80000;
percentAccept = 97.82;
energy        =      -2.2490883;
variance      =       5.4333597;
error         =   0.00073711327;
