nsd           = 3;
nel           = 2;
potpar        = 2.00;
nmc           = 10000000;
nth           = 1000000;
nvp           = 2;
alpha = 2.9500;
beta = 0.95000;
percentAccept = 96.93;
energy        =      -1.5573592;
variance      =       16.437786;
error         =    0.0012820993;
