nsd           = 3;
nel           = 2;
potpar        = 2.00;
nmc           = 10000000;
nth           = 1000000;
nvp           = 2;
alpha = 2.6000;
beta = 0.25000;
percentAccept = 97.98;
energy        =      -2.3987293;
variance      =       4.5176381;
error         =   0.00067213377;
