nsd           = 3;
nel           = 2;
potpar        = 2.00;
nmc           = 10000000;
nth           = 1000000;
nvp           = 2;
alpha = 1.4500;
beta = 0.35000;
percentAccept = 99.58;
energy        =      -2.7523937;
variance      =      0.90163880;
error         =   0.00030027301;
