nsd           = 3;
nel           = 2;
potpar        = 2.00;
nmc           = 10000000;
nth           = 1000000;
nvp           = 2;
alpha = 1.4000;
beta = 1.0000;
percentAccept = 99.58;
energy        =      -2.7601793;
variance      =       1.0486846;
error         =   0.00032383400;
