nsd           = 3;
nel           = 2;
potpar        = 2.00;
nmc           = 10000000;
nth           = 1000000;
nvp           = 2;
alpha = 2.5000;
beta = 0.85000;
percentAccept = 98.02;
energy        =      -2.3863890;
variance      =       3.6887013;
error         =   0.00060734679;
