nsd           = 3;
nel           = 2;
potpar        = 2.00;
nmc           = 10000000;
nth           = 1000000;
nvp           = 2;
alpha = 2.5500;
beta = 0.80000;
percentAccept = 97.92;
energy        =      -2.3239124;
variance      =       4.4787315;
error         =   0.00066923325;
