nsd           = 3;
nel           = 2;
potpar        = 2.00;
nmc           = 10000000;
nth           = 1000000;
nvp           = 2;
alpha = 2.6000;
beta = 0.90000;
percentAccept = 97.80;
energy        =      -2.2323690;
variance      =       5.5744807;
error         =   0.00074662445;
