nsd           = 3;
nel           = 2;
potpar        = 2.00;
nmc           = 10000000;
nth           = 1000000;
nvp           = 2;
alpha = 1.0500;
beta = 0.45000;
percentAccept = 99.82;
energy        =      -2.3607880;
variance      =       1.4527237;
error         =   0.00038114613;
