nsd           = 3;
nel           = 2;
potpar        = 2.00;
nmc           = 10000000;
nth           = 1000000;
nvp           = 2;
alpha = 1.5500;
beta = 0.20000;
percentAccept = 99.53;
energy        =      -2.7827793;
variance      =      0.71487888;
error         =   0.00026737219;
