nsd           = 3;
nel           = 2;
potpar        = 2.00;
nmc           = 10000000;
nth           = 1000000;
nvp           = 2;
alpha = 1.9000;
beta = 0.050000;
percentAccept = 99.24;
energy        =      -2.8650599;
variance      =      0.22295758;
error         =   0.00014931764;
