nsd           = 3;
nel           = 2;
potpar        = 2.00;
nmc           = 10000000;
nth           = 1000000;
nvp           = 2;
alpha = 2.0000;
beta = 0.65000;
percentAccept = 98.93;
energy        =      -2.8455646;
variance      =      0.12013040;
error         =   0.00010960402;
