nsd           = 3;
nel           = 2;
potpar        = 2.00;
nmc           = 10000000;
nth           = 1000000;
nvp           = 2;
alpha = 2.3000;
beta = 0.70000;
percentAccept = 98.44;
energy        =      -2.6396595;
variance      =       1.3283963;
error         =   0.00036447171;
