nsd           = 3;
nel           = 2;
potpar        = 2.00;
nmc           = 10000000;
nth           = 1000000;
nvp           = 2;
alpha = 1.7500;
beta = 0.80000;
percentAccept = 99.24;
energy        =      -2.8827733;
variance      =      0.26936639;
error         =   0.00016412385;
