nsd           = 3;
nel           = 2;
potpar        = 2.00;
nmc           = 10000000;
nth           = 1000000;
nvp           = 2;
alpha = 2.8000;
beta = 0.55000;
percentAccept = 97.41;
energy        =      -1.9674244;
variance      =       10.127780;
error         =    0.0010063687;
