nsd           = 3;
nel           = 2;
potpar        = 2.00;
nmc           = 10000000;
nth           = 1000000;
nvp           = 2;
alpha = 2.6000;
beta = 0.35000;
percentAccept = 97.93;
energy        =      -2.3610381;
variance      =       4.7375461;
error         =   0.00068829834;
