nsd           = 3;
nel           = 2;
potpar        = 2.00;
nmc           = 10000000;
nth           = 1000000;
nvp           = 2;
alpha = 1.9000;
beta = 0.55000;
percentAccept = 99.08;
energy        =      -2.8793811;
variance      =     0.087462262;
error         =   9.3521260E-05;
