nsd           = 3;
nel           = 2;
potpar        = 2.00;
nmc           = 10000000;
nth           = 1000000;
nvp           = 2;
alpha = 2.5500;
beta = 0.20000;
percentAccept = 98.11;
energy        =      -2.4843695;
variance      =       3.6415596;
error         =   0.00060345336;
