nsd           = 3;
nel           = 2;
potpar        = 2.00;
nmc           = 10000000;
nth           = 1000000;
nvp           = 2;
alpha = 2.3500;
beta = 0.10000;
percentAccept = 98.55;
energy        =      -2.7241872;
variance      =       1.2881064;
error         =   0.00035890199;
