nsd           = 3;
nel           = 2;
potpar        = 2.00;
nmc           = 10000000;
nth           = 1000000;
nvp           = 2;
alpha = 2.9500;
beta = 0.75000;
percentAccept = 96.98;
energy        =      -1.6059607;
variance      =       15.933894;
error         =    0.0012622953;
