nsd           = 3;
nel           = 2;
potpar        = 2.00;
nmc           = 10000000;
nth           = 1000000;
nvp           = 2;
alpha = 2.6500;
beta = 0.55000;
percentAccept = 97.76;
energy        =      -2.2254714;
variance      =       6.2057939;
error         =   0.00078776861;
