nsd           = 3;
nel           = 2;
potpar        = 2.00;
nmc           = 10000000;
nth           = 1000000;
nvp           = 2;
alpha = 2.7000;
beta = 0.65000;
percentAccept = 97.62;
energy        =      -2.1180772;
variance      =       7.7173350;
error         =   0.00087848364;
