nsd           = 3;
nel           = 2;
potpar        = 2.00;
nmc           = 10000000;
nth           = 1000000;
nvp           = 2;
alpha = 2.2000;
beta = 0.35000;
percentAccept = 98.69;
energy        =      -2.7730894;
variance      =      0.54509658;
error         =   0.00023347303;
