nsd           = 3;
nel           = 2;
potpar        = 2.00;
nmc           = 10000000;
nth           = 1000000;
nvp           = 2;
alpha = 1.6000;
beta = 0.35000;
percentAccept = 99.45;
energy        =      -2.8374078;
variance      =      0.57445274;
error         =   0.00023967744;
