nsd           = 3;
nel           = 2;
potpar        = 2.00;
nmc           = 10000000;
nth           = 1000000;
nvp           = 2;
alpha = 2.8000;
beta = 0.35000;
percentAccept = 97.48;
energy        =      -2.0404551;
variance      =       9.6433901;
error         =   0.00098200764;
