nsd           = 3;
nel           = 2;
potpar        = 2.00;
nmc           = 10000000;
nth           = 1000000;
nvp           = 2;
alpha = 1.5500;
beta = 0.25000;
percentAccept = 99.52;
energy        =      -2.7964945;
variance      =      0.73884701;
error         =   0.00027181740;
