nsd           = 3;
nel           = 2;
potpar        = 2.00;
nmc           = 10000000;
nth           = 1000000;
nvp           = 2;
alpha = 1.9500;
beta = 0.65000;
percentAccept = 99.00;
energy        =      -2.8625731;
variance      =     0.090461125;
error         =   9.5111053E-05;
