nsd           = 3;
nel           = 2;
potpar        = 2.00;
nmc           = 10000000;
nth           = 1000000;
nvp           = 2;
alpha = 1.7000;
beta = 0.85000;
percentAccept = 99.29;
energy        =      -2.8778485;
variance      =      0.35342018;
error         =   0.00018799473;
