nsd           = 3;
nel           = 2;
potpar        = 2.00;
nmc           = 10000000;
nth           = 1000000;
nvp           = 2;
alpha = 1.3000;
beta = 0.35000;
percentAccept = 99.69;
energy        =      -2.6277480;
variance      =       1.1906361;
error         =   0.00034505595;
