nsd           = 3;
nel           = 2;
potpar        = 2.00;
nmc           = 10000000;
nth           = 1000000;
nvp           = 2;
alpha = 2.5000;
beta = 1.0000;
percentAccept = 98.00;
energy        =      -2.3659368;
variance      =       3.8197535;
error         =   0.00061804154;
