nsd           = 3;
nel           = 2;
potpar        = 2.00;
nmc           = 10000000;
nth           = 1000000;
nvp           = 2;
alpha = 2.7000;
beta = 0.60000;
percentAccept = 97.63;
energy        =      -2.1308869;
variance      =       7.3857477;
error         =   0.00085940373;
