nsd           = 3;
nel           = 2;
potpar        = 2.00;
nmc           = 10000000;
nth           = 1000000;
nvp           = 2;
alpha = 1.7500;
beta = 0.95000;
percentAccept = 99.23;
energy        =      -2.8802680;
variance      =      0.26906944;
error         =   0.00016403336;
