nsd           = 3;
nel           = 2;
potpar        = 2.00;
nmc           = 10000000;
nth           = 1000000;
nvp           = 2;
alpha = 2.1000;
beta = 0.30000;
percentAccept = 98.86;
energy        =      -2.8354445;
variance      =      0.21676321;
error         =   0.00014722881;
