nsd           = 3;
nel           = 2;
potpar        = 2.00;
nmc           = 10000000;
nth           = 1000000;
nvp           = 2;
alpha = 2.8500;
beta = 0.55000;
percentAccept = 97.29;
energy        =      -1.8709369;
variance      =       13.731691;
error         =    0.0011718230;
