nsd           = 3;
nel           = 2;
potpar        = 2.00;
nmc           = 10000000;
nth           = 1000000;
nvp           = 2;
alpha = 2.6500;
beta = 0.50000;
percentAccept = 97.77;
energy        =      -2.2390510;
variance      =       6.1145631;
error         =   0.00078195672;
