nsd           = 3;
nel           = 2;
potpar        = 2.00;
nmc           = 10000000;
nth           = 1000000;
nvp           = 2;
alpha = 2.9500;
beta = 0.50000;
percentAccept = 97.05;
energy        =      -1.6864342;
variance      =       15.467479;
error         =    0.0012436832;
