nsd           = 3;
nel           = 2;
potpar        = 2.00;
nmc           = 10000000;
nth           = 1000000;
nvp           = 2;
alpha = 2.0500;
beta = 0.15000;
percentAccept = 98.99;
energy        =      -2.8679651;
variance      =      0.14372192;
error         =   0.00011988408;
