nsd           = 3;
nel           = 2;
potpar        = 2.00;
nmc           = 10000000;
nth           = 1000000;
nvp           = 2;
alpha = 1.0500;
beta = 0.25000;
percentAccept = 99.84;
energy        =      -2.2949863;
variance      =       1.3689940;
error         =   0.00036999919;
