nsd           = 3;
nel           = 2;
potpar        = 2.00;
nmc           = 10000000;
nth           = 1000000;
nvp           = 2;
alpha = 1.5000;
beta = 0.95000;
percentAccept = 99.49;
energy        =      -2.8171351;
variance      =      0.87060774;
error         =   0.00029506063;
