nsd           = 3;
nel           = 2;
potpar        = 2.00;
nmc           = 10000000;
nth           = 1000000;
nvp           = 2;
alpha = 1.4500;
beta = 0.65000;
percentAccept = 99.55;
energy        =      -2.7809638;
variance      =      0.90036173;
error         =   0.00030006028;
