nsd           = 3;
nel           = 2;
potpar        = 2.00;
nmc           = 10000000;
nth           = 1000000;
nvp           = 2;
alpha = 2.1500;
beta = 0.80000;
percentAccept = 98.68;
energy        =      -2.7525041;
variance      =      0.52117873;
error         =   0.00022829339;
