nsd           = 3;
nel           = 2;
potpar        = 2.00;
nmc           = 10000000;
nth           = 1000000;
nvp           = 2;
alpha = 1.5000;
beta = 0.35000;
percentAccept = 99.54;
energy        =      -2.7852272;
variance      =      0.79032024;
error         =   0.00028112635;
