nsd           = 3;
nel           = 2;
potpar        = 2.00;
nmc           = 10000000;
nth           = 1000000;
nvp           = 2;
alpha = 2.1500;
beta = 0.60000;
percentAccept = 98.71;
energy        =      -2.7719988;
variance      =      0.44476701;
error         =   0.00021089500;
