nsd           = 3;
nel           = 2;
potpar        = 2.00;
nmc           = 10000000;
nth           = 1000000;
nvp           = 2;
alpha = 1.4000;
beta = 0.10000;
percentAccept = 99.68;
energy        =      -2.6063169;
variance      =       1.0194205;
error         =   0.00031928366;
