nsd           = 3;
nel           = 2;
potpar        = 2.00;
nmc           = 10000000;
nth           = 1000000;
nvp           = 2;
alpha = 2.2000;
beta = 0.25000;
percentAccept = 98.72;
energy        =      -2.7906828;
variance      =      0.51193141;
error         =   0.00022625901;
