nsd           = 3;
nel           = 2;
potpar        = 2.00;
nmc           = 10000000;
nth           = 1000000;
nvp           = 2;
alpha = 2.1000;
beta = 0.55000;
percentAccept = 98.80;
energy        =      -2.8072007;
variance      =      0.27448776;
error         =   0.00016567672;
