nsd           = 3;
nel           = 2;
potpar        = 2.00;
nmc           = 10000000;
nth           = 1000000;
nvp           = 2;
alpha = 2.8500;
beta = 0.40000;
percentAccept = 97.34;
energy        =      -1.9267487;
variance      =       11.268023;
error         =    0.0010615094;
