nsd           = 3;
nel           = 2;
potpar        = 2.00;
nmc           = 10000000;
nth           = 1000000;
nvp           = 2;
alpha = 1.1000;
beta = 0.25000;
percentAccept = 99.82;
energy        =      -2.3635552;
variance      =       1.3623752;
error         =   0.00036910367;
