nsd           = 3;
nel           = 2;
potpar        = 2.00;
nmc           = 10000000;
nth           = 1000000;
nvp           = 2;
alpha = 1.2000;
beta = 0.10000;
percentAccept = 99.80;
energy        =      -2.3747487;
variance      =       1.2812399;
error         =   0.00035794411;
