nsd           = 3;
nel           = 2;
potpar        = 2.00;
nmc           = 10000000;
nth           = 1000000;
nvp           = 2;
alpha = 1.7000;
beta = 0.95000;
percentAccept = 99.29;
energy        =      -2.8770161;
variance      =      0.36578113;
error         =   0.00019125405;
