nsd           = 3;
nel           = 2;
potpar        = 2.00;
nmc           = 10000000;
nth           = 1000000;
nvp           = 2;
alpha = 1.2000;
beta = 0.75000;
percentAccept = 99.73;
energy        =      -2.5777577;
variance      =       1.4224022;
error         =   0.00037714748;
