nsd           = 3;
nel           = 2;
potpar        = 2.00;
nmc           = 10000000;
nth           = 1000000;
nvp           = 2;
alpha = 2.6500;
beta = 0.95000;
percentAccept = 97.68;
energy        =      -2.1434429;
variance      =       6.7681734;
error         =   0.00082268909;
