nsd           = 3;
nel           = 2;
potpar        = 2.00;
nmc           = 10000000;
nth           = 1000000;
nvp           = 2;
alpha = 2.7500;
beta = 0.85000;
percentAccept = 97.46;
energy        =      -1.9853328;
variance      =       9.2374199;
error         =   0.00096111497;
