nsd           = 3;
nel           = 2;
potpar        = 2.00;
nmc           = 10000000;
nth           = 1000000;
nvp           = 2;
alpha = 1.2500;
beta = 0.50000;
percentAccept = 99.71;
energy        =      -2.6054055;
variance      =       1.2690926;
error         =   0.00035624325;
