nsd           = 3;
nel           = 2;
potpar        = 2.00;
nmc           = 10000000;
nth           = 1000000;
nvp           = 2;
alpha = 2.4500;
beta = 0.10000;
percentAccept = 98.37;
energy        =      -2.6366780;
variance      =       2.2069109;
error         =   0.00046977771;
