nsd           = 3;
nel           = 2;
potpar        = 2.00;
nmc           = 10000000;
nth           = 1000000;
nvp           = 2;
alpha = 2.8500;
beta = 0.70000;
percentAccept = 97.25;
energy        =      -1.8282389;
variance      =       12.173687;
error         =    0.0011033443;
