nsd           = 3;
nel           = 2;
potpar        = 2.00;
nmc           = 10000000;
nth           = 1000000;
nvp           = 2;
alpha = 2.0000;
beta = 0.60000;
percentAccept = 98.94;
energy        =      -2.8489888;
variance      =      0.11166459;
error         =   0.00010567147;
