nsd           = 3;
nel           = 2;
potpar        = 2.00;
nmc           = 10000000;
nth           = 1000000;
nvp           = 2;
alpha = 1.9000;
beta = 0.50000;
percentAccept = 99.09;
energy        =      -2.8815042;
variance      =     0.083211674;
error         =   9.1220433E-05;
