nsd           = 3;
nel           = 2;
potpar        = 2.00;
nmc           = 10000000;
nth           = 1000000;
nvp           = 2;
alpha = 2.3500;
beta = 0.90000;
percentAccept = 98.32;
energy        =      -2.5640551;
variance      =       1.9174134;
error         =   0.00043788279;
