nsd           = 3;
nel           = 2;
potpar        = 2.00;
nmc           = 10000000;
nth           = 1000000;
nvp           = 2;
alpha = 2.8500;
beta = 0.95000;
percentAccept = 97.19;
energy        =      -1.7723419;
variance      =       12.513748;
error         =    0.0011186486;
