nsd           = 3;
nel           = 2;
potpar        = 2.00;
nmc           = 10000000;
nth           = 1000000;
nvp           = 2;
alpha = 1.9500;
beta = 0.90000;
percentAccept = 98.97;
energy        =      -2.8499308;
variance      =      0.12839181;
error         =   0.00011331011;
