nsd           = 3;
nel           = 2;
potpar        = 2.00;
nmc           = 10000000;
nth           = 1000000;
nvp           = 2;
alpha = 1.9500;
beta = 0.20000;
percentAccept = 99.10;
energy        =      -2.8846163;
variance      =     0.093291097;
error         =   9.6587316E-05;
