nsd           = 3;
nel           = 2;
potpar        = 2.00;
nmc           = 10000000;
nth           = 1000000;
nvp           = 2;
alpha = 1.8500;
beta = 0.10000;
percentAccept = 99.27;
energy        =      -2.8717459;
variance      =      0.22662846;
error         =   0.00015054184;
