nsd           = 3;
nel           = 2;
potpar        = 2.00;
nmc           = 10000000;
nth           = 1000000;
nvp           = 2;
alpha = 2.7000;
beta = 0.20000;
percentAccept = 97.79;
energy        =      -2.2772162;
variance      =       6.3623883;
error         =   0.00079764581;
