nsd           = 3;
nel           = 2;
potpar        = 2.00;
nmc           = 10000000;
nth           = 1000000;
nvp           = 2;
alpha = 1.4500;
beta = 1.0000;
percentAccept = 99.53;
energy        =      -2.7910176;
variance      =      0.90786409;
error         =   0.00030130783;
