nsd           = 3;
nel           = 2;
potpar        = 2.00;
nmc           = 10000000;
nth           = 1000000;
nvp           = 2;
alpha = 2.5000;
beta = 0.40000;
percentAccept = 98.13;
energy        =      -2.4776722;
variance      =       3.1719734;
error         =   0.00056320276;
