nsd           = 3;
nel           = 2;
potpar        = 2.00;
nmc           = 10000000;
nth           = 1000000;
nvp           = 2;
alpha = 1.1000;
beta = 0.20000;
percentAccept = 99.82;
energy        =      -2.3348552;
variance      =       1.3772510;
error         =   0.00037111332;
