nsd           = 3;
nel           = 2;
potpar        = 2.00;
nmc           = 10000000;
nth           = 1000000;
nvp           = 2;
alpha = 1.4500;
beta = 0.85000;
percentAccept = 99.54;
energy        =      -2.7880851;
variance      =      0.90945664;
error         =   0.00030157199;
