nsd           = 3;
nel           = 2;
potpar        = 2.00;
nmc           = 10000000;
nth           = 1000000;
nvp           = 2;
alpha = 2.2500;
beta = 0.25000;
percentAccept = 98.64;
energy        =      -2.7580262;
variance      =      0.73909111;
error         =   0.00027186230;
