nsd           = 3;
nel           = 2;
potpar        = 2.00;
nmc           = 10000000;
nth           = 1000000;
nvp           = 2;
alpha = 1.3500;
beta = 0.85000;
percentAccept = 99.62;
energy        =      -2.7195703;
variance      =       1.1034091;
error         =   0.00033217602;
