nsd           = 3;
nel           = 2;
potpar        = 2.00;
nmc           = 10000000;
nth           = 1000000;
nvp           = 2;
alpha = 2.9000;
beta = 0.40000;
percentAccept = 97.21;
energy        =      -1.8295638;
variance      =       12.908458;
error         =    0.0011361539;
