nsd           = 3;
nel           = 2;
potpar        = 2.00;
nmc           = 10000000;
nth           = 1000000;
nvp           = 2;
alpha = 2.8000;
beta = 0.050000;
percentAccept = 97.68;
energy        =      -2.2159089;
variance      =       8.8223144;
error         =   0.00093927176;
