nsd           = 3;
nel           = 2;
potpar        = 2.00;
nmc           = 10000000;
nth           = 1000000;
nvp           = 2;
alpha = 2.0000;
beta = 0.15000;
percentAccept = 99.06;
energy        =      -2.8782257;
variance      =      0.11186169;
error         =   0.00010576469;
