nsd           = 3;
nel           = 2;
potpar        = 2.00;
nmc           = 10000000;
nth           = 1000000;
nvp           = 2;
alpha = 2.9500;
beta = 0.40000;
percentAccept = 97.09;
energy        =      -1.7280889;
variance      =       15.157292;
error         =    0.0012311496;
