nsd           = 3;
nel           = 2;
potpar        = 2.00;
nmc           = 10000000;
nth           = 1000000;
nvp           = 2;
alpha = 2.6500;
beta = 1.0000;
percentAccept = 97.67;
energy        =      -2.1360143;
variance      =       6.8141420;
error         =   0.00082547816;
