nsd           = 3;
nel           = 2;
potpar        = 2.00;
nmc           = 10000000;
nth           = 1000000;
nvp           = 2;
alpha = 1.6000;
beta = 0.20000;
percentAccept = 99.48;
energy        =      -2.8114628;
variance      =      0.61680355;
error         =   0.00024835530;
