nsd           = 3;
nel           = 2;
potpar        = 2.00;
nmc           = 10000000;
nth           = 1000000;
nvp           = 2;
alpha = 3.0000;
beta = 0.20000;
percentAccept = 97.06;
energy        =      -1.7328980;
variance      =       16.066123;
error         =    0.0012675221;
