nsd           = 3;
nel           = 2;
potpar        = 2.00;
nmc           = 10000000;
nth           = 1000000;
nvp           = 2;
alpha = 2.1000;
beta = 0.050000;
percentAccept = 98.98;
energy        =      -2.8586481;
variance      =      0.24684923;
error         =   0.00015711436;
