nsd           = 3;
nel           = 2;
potpar        = 2.00;
nmc           = 10000000;
nth           = 1000000;
nvp           = 2;
alpha = 1.9000;
beta = 0.10000;
percentAccept = 99.21;
energy        =      -2.8782551;
variance      =      0.17323563;
error         =   0.00013161901;
