nsd           = 3;
nel           = 2;
potpar        = 2.00;
nmc           = 10000000;
nth           = 1000000;
nvp           = 2;
alpha = 1.9000;
beta = 0.30000;
percentAccept = 99.13;
energy        =      -2.8882409;
variance      =     0.092993387;
error         =   9.6433079E-05;
