nsd           = 3;
nel           = 2;
potpar        = 2.00;
nmc           = 10000000;
nth           = 1000000;
nvp           = 2;
alpha = 1.7500;
beta = 0.30000;
percentAccept = 99.31;
energy        =      -2.8801211;
variance      =      0.28031592;
error         =   0.00016742638;
