nsd           = 3;
nel           = 2;
potpar        = 2.00;
nmc           = 10000000;
nth           = 1000000;
nvp           = 2;
alpha = 3.0000;
beta = 0.65000;
percentAccept = 96.87;
energy        =      -1.5239623;
variance      =       17.738734;
error         =    0.0013318684;
