nsd           = 3;
nel           = 2;
potpar        = 2.00;
nmc           = 10000000;
nth           = 1000000;
nvp           = 2;
alpha = 1.4000;
beta = 0.30000;
percentAccept = 99.63;
energy        =      -2.7040839;
variance      =       1.0891727;
error         =   0.00033002617;
