nsd           = 3;
nel           = 2;
potpar        = 2.00;
nmc           = 10000000;
nth           = 1000000;
nvp           = 2;
alpha = 1.1500;
beta = 0.25000;
percentAccept = 99.79;
energy        =      -2.4277957;
variance      =       1.3354335;
error         =   0.00036543584;
