nsd           = 3;
nel           = 2;
potpar        = 2.00;
nmc           = 10000000;
nth           = 1000000;
nvp           = 2;
alpha = 2.9500;
beta = 0.10000;
percentAccept = 97.27;
energy        =      -1.9089727;
variance      =       13.190954;
error         =    0.0011485188;
