nsd           = 3;
nel           = 2;
potpar        = 2.00;
nmc           = 10000000;
nth           = 1000000;
nvp           = 2;
alpha = 2.8500;
beta = 0.25000;
percentAccept = 97.41;
energy        =      -1.9983256;
variance      =       10.639481;
error         =    0.0010314786;
