nsd           = 3;
nel           = 2;
potpar        = 2.00;
nmc           = 10000000;
nth           = 1000000;
nvp           = 2;
alpha = 2.6500;
beta = 0.65000;
percentAccept = 97.74;
energy        =      -2.2010344;
variance      =       6.2706385;
error         =   0.00079187364;
