nsd           = 3;
nel           = 2;
potpar        = 2.00;
nmc           = 10000000;
nth           = 1000000;
nvp           = 2;
alpha = 1.9000;
beta = 0.40000;
percentAccept = 99.11;
energy        =      -2.8854817;
variance      =     0.083947547;
error         =   9.1622894E-05;
