nsd           = 3;
nel           = 2;
potpar        = 2.00;
nmc           = 10000000;
nth           = 1000000;
nvp           = 2;
alpha = 2.4000;
beta = 0.15000;
percentAccept = 98.43;
energy        =      -2.6646314;
variance      =       1.7492453;
error         =   0.00041823980;
