nsd           = 3;
nel           = 2;
potpar        = 2.00;
nmc           = 10000000;
nth           = 1000000;
nvp           = 2;
alpha = 2.0500;
beta = 0.050000;
percentAccept = 99.05;
energy        =      -2.8675407;
variance      =      0.19346122;
error         =   0.00013909034;
