nsd           = 3;
nel           = 2;
potpar        = 2.00;
nmc           = 10000000;
nth           = 1000000;
nvp           = 2;
alpha = 2.3500;
beta = 0.20000;
percentAccept = 98.49;
energy        =      -2.6929921;
variance      =       1.3659432;
error         =   0.00036958668;
