nsd           = 3;
nel           = 2;
potpar        = 2.00;
nmc           = 10000000;
nth           = 1000000;
nvp           = 2;
alpha = 1.4500;
beta = 0.70000;
percentAccept = 99.55;
energy        =      -2.7831690;
variance      =      0.89435122;
error         =   0.00029905706;
