nsd           = 3;
nel           = 2;
potpar        = 2.00;
nmc           = 10000000;
nth           = 1000000;
nvp           = 2;
alpha = 2.2000;
beta = 0.20000;
percentAccept = 98.75;
energy        =      -2.7999168;
variance      =      0.49819700;
error         =   0.00022320327;
