nsd           = 3;
nel           = 2;
potpar        = 2.00;
nmc           = 10000000;
nth           = 1000000;
nvp           = 2;
alpha = 2.2000;
beta = 1.0000;
percentAccept = 98.57;
energy        =      -2.6979365;
variance      =      0.83024127;
error         =   0.00028813908;
