nsd           = 3;
nel           = 2;
potpar        = 2.00;
nmc           = 10000000;
nth           = 1000000;
nvp           = 2;
alpha = 2.7000;
beta = 0.75000;
percentAccept = 97.60;
energy        =      -2.0955538;
variance      =       7.6433394;
error         =   0.00087426194;
