nsd           = 3;
nel           = 2;
potpar        = 2.00;
nmc           = 10000000;
nth           = 1000000;
nvp           = 2;
alpha = 1.3000;
beta = 0.45000;
percentAccept = 99.68;
energy        =      -2.6464687;
variance      =       1.1865347;
error         =   0.00034446112;
