nsd           = 3;
nel           = 2;
potpar        = 2.00;
nmc           = 10000000;
nth           = 1000000;
nvp           = 2;
alpha = 2.1500;
beta = 0.65000;
percentAccept = 98.70;
energy        =      -2.7666991;
variance      =      0.46315085;
error         =   0.00021520940;
