nsd           = 3;
nel           = 2;
potpar        = 2.00;
nmc           = 10000000;
nth           = 1000000;
nvp           = 2;
alpha = 1.0500;
beta = 0.050000;
percentAccept = 99.88;
energy        =      -2.0521188;
variance      =       1.1954056;
error         =   0.00034574638;
