nsd           = 3;
nel           = 2;
potpar        = 2.00;
nmc           = 10000000;
nth           = 1000000;
nvp           = 2;
alpha = 2.0000;
beta = 0.80000;
percentAccept = 98.91;
energy        =      -2.8361415;
variance      =      0.14803328;
error         =   0.00012166893;
