nsd           = 3;
nel           = 2;
potpar        = 2.00;
nmc           = 10000000;
nth           = 1000000;
nvp           = 2;
alpha = 2.7500;
beta = 0.35000;
percentAccept = 97.60;
energy        =      -2.1280707;
variance      =       8.1719517;
error         =   0.00090398848;
