nsd           = 3;
nel           = 2;
potpar        = 2.00;
nmc           = 10000000;
nth           = 1000000;
nvp           = 2;
alpha = 1.5500;
beta = 0.75000;
percentAccept = 99.45;
energy        =      -2.8363425;
variance      =      0.66900932;
error         =   0.00025865214;
