nsd           = 3;
nel           = 2;
potpar        = 2.00;
nmc           = 10000000;
nth           = 1000000;
nvp           = 2;
alpha = 2.9500;
beta = 0.45000;
percentAccept = 97.07;
energy        =      -1.7062308;
variance      =       15.778076;
error         =    0.0012561081;
