nsd           = 3;
nel           = 2;
potpar        = 2.00;
nmc           = 10000000;
nth           = 1000000;
nvp           = 2;
alpha = 1.9500;
beta = 0.35000;
percentAccept = 99.05;
energy        =      -2.8795441;
variance      =     0.070652066;
error         =   8.4054783E-05;
