nsd           = 3;
nel           = 2;
potpar        = 2.00;
nmc           = 10000000;
nth           = 1000000;
nvp           = 2;
alpha = 1.7500;
beta = 0.60000;
percentAccept = 99.26;
energy        =      -2.8852246;
variance      =      0.26800082;
error         =   0.00016370731;
