nsd           = 3;
nel           = 2;
potpar        = 2.00;
nmc           = 10000000;
nth           = 1000000;
nvp           = 2;
alpha = 1.2500;
beta = 0.70000;
percentAccept = 99.70;
energy        =      -2.6249119;
variance      =       1.2906336;
error         =   0.00035925389;
