nsd           = 3;
nel           = 2;
potpar        = 2.00;
nmc           = 10000000;
nth           = 1000000;
nvp           = 2;
alpha = 1.9000;
beta = 0.20000;
percentAccept = 99.17;
energy        =      -2.8877376;
variance      =      0.11819373;
error         =   0.00010871694;
