nsd           = 3;
nel           = 2;
potpar        = 2.00;
nmc           = 10000000;
nth           = 1000000;
nvp           = 2;
alpha = 1.3000;
beta = 1.0000;
percentAccept = 99.65;
energy        =      -2.6838008;
variance      =       1.2143853;
error         =   0.00034848032;
