nsd           = 3;
nel           = 2;
potpar        = 2.00;
nmc           = 10000000;
nth           = 1000000;
nvp           = 2;
alpha = 1.9000;
beta = 0.65000;
percentAccept = 99.07;
energy        =      -2.8749807;
variance      =     0.096025294;
error         =   9.7992497E-05;
