nsd           = 3;
nel           = 2;
potpar        = 2.00;
nmc           = 10000000;
nth           = 1000000;
nvp           = 2;
alpha = 1.5500;
beta = 0.70000;
percentAccept = 99.46;
energy        =      -2.8352630;
variance      =      0.66821772;
error         =   0.00025849907;
