nsd           = 3;
nel           = 2;
potpar        = 2.00;
nmc           = 10000000;
nth           = 1000000;
nvp           = 2;
alpha = 3.0000;
beta = 0.75000;
percentAccept = 96.84;
energy        =      -1.4931131;
variance      =       18.410157;
error         =    0.0013568403;
