nsd           = 3;
nel           = 2;
potpar        = 2.00;
nmc           = 10000000;
nth           = 1000000;
nvp           = 2;
alpha = 1.2500;
beta = 0.35000;
percentAccept = 99.73;
energy        =      -2.5773703;
variance      =       1.2464661;
error         =   0.00035305326;
