nsd           = 3;
nel           = 2;
potpar        = 2.00;
nmc           = 10000000;
nth           = 1000000;
nvp           = 2;
alpha = 1.7500;
beta = 0.40000;
percentAccept = 99.29;
energy        =      -2.8843053;
variance      =      0.26691586;
error         =   0.00016337560;
