nsd           = 3;
nel           = 2;
potpar        = 2.00;
nmc           = 10000000;
nth           = 1000000;
nvp           = 2;
alpha = 1.1500;
beta = 0.90000;
percentAccept = 99.76;
energy        =      -2.5312123;
variance      =       1.4759216;
error         =   0.00038417725;
