nsd           = 3;
nel           = 2;
potpar        = 2.00;
nmc           = 10000000;
nth           = 1000000;
nvp           = 2;
alpha = 1.0500;
beta = 0.35000;
percentAccept = 99.83;
energy        =      -2.3355195;
variance      =       1.4532353;
error         =   0.00038121323;
