nsd           = 3;
nel           = 2;
potpar        = 2.00;
nmc           = 10000000;
nth           = 1000000;
nvp           = 2;
alpha = 1.9500;
beta = 0.80000;
percentAccept = 98.98;
energy        =      -2.8546804;
variance      =      0.11313938;
error         =   0.00010636700;
