nsd           = 3;
nel           = 2;
potpar        = 2.00;
nmc           = 10000000;
nth           = 1000000;
nvp           = 2;
alpha = 1.9500;
beta = 0.050000;
percentAccept = 99.18;
energy        =      -2.8707019;
variance      =      0.18682712;
error         =   0.00013668472;
