nsd           = 3;
nel           = 2;
potpar        = 2.00;
nmc           = 10000000;
nth           = 1000000;
nvp           = 2;
alpha = 1.0000;
beta = 0.50000;
percentAccept = 99.84;
energy        =      -2.3008244;
variance      =       1.5348548;
error         =   0.00039177222;
