nsd           = 3;
nel           = 2;
potpar        = 2.00;
nmc           = 10000000;
nth           = 1000000;
nvp           = 2;
alpha = 2.5000;
beta = 0.70000;
percentAccept = 98.05;
energy        =      -2.4109794;
variance      =       3.5374099;
error         =   0.00059476129;
