nsd           = 3;
nel           = 2;
potpar        = 2.00;
nmc           = 10000000;
nth           = 1000000;
nvp           = 2;
alpha = 1.0000;
beta = 0.85000;
percentAccept = 99.83;
energy        =      -2.3376374;
variance      =       1.5220429;
error         =   0.00039013369;
