nsd           = 3;
nel           = 2;
potpar        = 2.00;
nmc           = 10000000;
nth           = 1000000;
nvp           = 2;
alpha = 2.4500;
beta = 0.95000;
percentAccept = 98.11;
energy        =      -2.4392465;
variance      =       3.0724534;
error         =   0.00055429716;
