nsd           = 3;
nel           = 2;
potpar        = 2.00;
nmc           = 10000000;
nth           = 1000000;
nvp           = 2;
alpha = 1.8000;
beta = 0.15000;
percentAccept = 99.30;
energy        =      -2.8730505;
variance      =      0.27798808;
error         =   0.00016672975;
