nsd           = 3;
nel           = 2;
potpar        = 2.00;
nmc           = 10000000;
nth           = 1000000;
nvp           = 2;
alpha = 2.6000;
beta = 0.15000;
percentAccept = 98.04;
energy        =      -2.4436639;
variance      =       4.3174484;
error         =   0.00065707293;
