nsd           = 3;
nel           = 2;
potpar        = 2.00;
nmc           = 10000000;
nth           = 1000000;
nvp           = 2;
alpha = 2.2500;
beta = 0.80000;
percentAccept = 98.51;
energy        =      -2.6734910;
variance      =       1.0373622;
error         =   0.00032208108;
