nsd           = 3;
nel           = 2;
potpar        = 2.00;
nmc           = 10000000;
nth           = 1000000;
nvp           = 2;
alpha = 2.7500;
beta = 0.25000;
percentAccept = 97.65;
energy        =      -2.1729689;
variance      =       7.7659224;
error         =   0.00088124471;
