nsd           = 3;
nel           = 2;
potpar        = 2.00;
nmc           = 10000000;
nth           = 1000000;
nvp           = 2;
alpha = 1.6000;
beta = 0.70000;
percentAccept = 99.41;
energy        =      -2.8542936;
variance      =      0.55643422;
error         =   0.00023588858;
