nsd           = 3;
nel           = 2;
potpar        = 2.00;
nmc           = 10000000;
nth           = 1000000;
nvp           = 2;
alpha = 3.0000;
beta = 0.50000;
percentAccept = 96.92;
energy        =      -1.5793554;
variance      =       16.927681;
error         =    0.0013010642;
