nsd           = 3;
nel           = 2;
potpar        = 2.00;
nmc           = 10000000;
nth           = 1000000;
nvp           = 2;
alpha = 1.7000;
beta = 0.55000;
percentAccept = 99.32;
energy        =      -2.8784033;
variance      =      0.34727408;
error         =   0.00018635291;
