nsd           = 3;
nel           = 2;
potpar        = 2.00;
nmc           = 10000000;
nth           = 1000000;
nvp           = 2;
alpha = 2.2000;
beta = 0.75000;
percentAccept = 98.61;
energy        =      -2.7204034;
variance      =      0.72703499;
error         =   0.00026963586;
