nsd           = 3;
nel           = 2;
potpar        = 2.00;
nmc           = 10000000;
nth           = 1000000;
nvp           = 2;
alpha = 1.9500;
beta = 0.15000;
percentAccept = 99.12;
energy        =      -2.8838436;
variance      =      0.11267007;
error         =   0.00010614616;
