nsd           = 3;
nel           = 2;
potpar        = 2.00;
nmc           = 10000000;
nth           = 1000000;
nvp           = 2;
alpha = 1.4500;
beta = 0.25000;
percentAccept = 99.60;
energy        =      -2.7297560;
variance      =      0.91105196;
error         =   0.00030183637;
