nsd           = 3;
nel           = 2;
potpar        = 2.00;
nmc           = 10000000;
nth           = 1000000;
nvp           = 2;
alpha = 2.9500;
beta = 0.55000;
percentAccept = 97.03;
energy        =      -1.6686007;
variance      =       15.340947;
error         =    0.0012385858;
