nsd           = 3;
nel           = 2;
potpar        = 2.00;
nmc           = 10000000;
nth           = 1000000;
nvp           = 2;
alpha = 1.1500;
beta = 0.85000;
percentAccept = 99.76;
energy        =      -2.5285861;
variance      =       1.4485629;
error         =   0.00038059990;
