nsd           = 3;
nel           = 2;
potpar        = 2.00;
nmc           = 10000000;
nth           = 1000000;
nvp           = 2;
alpha = 1.2500;
beta = 0.40000;
percentAccept = 99.72;
energy        =      -2.5886870;
variance      =       1.2404724;
error         =   0.00035220341;
