nsd           = 3;
nel           = 2;
potpar        = 2.00;
nmc           = 10000000;
nth           = 1000000;
nvp           = 2;
alpha = 1.3000;
beta = 0.10000;
percentAccept = 99.74;
energy        =      -2.4993241;
variance      =       1.2050532;
error         =   0.00034713876;
