nsd           = 3;
nel           = 2;
potpar        = 2.00;
nmc           = 10000000;
nth           = 1000000;
nvp           = 2;
alpha = 1.2000;
beta = 0.65000;
percentAccept = 99.73;
energy        =      -2.5700267;
variance      =       1.3518184;
error         =   0.00036767084;
