nsd           = 3;
nel           = 2;
potpar        = 2.00;
nmc           = 10000000;
nth           = 1000000;
nvp           = 2;
alpha = 2.3500;
beta = 0.85000;
percentAccept = 98.32;
energy        =      -2.5697973;
variance      =       1.8947097;
error         =   0.00043528263;
