nsd           = 3;
nel           = 2;
potpar        = 2.00;
nmc           = 10000000;
nth           = 1000000;
nvp           = 2;
alpha = 1.0500;
beta = 0.40000;
percentAccept = 99.83;
energy        =      -2.3494322;
variance      =       1.4360854;
error         =   0.00037895718;
