nsd           = 3;
nel           = 2;
potpar        = 2.00;
nmc           = 10000000;
nth           = 1000000;
nvp           = 2;
alpha = 2.5000;
beta = 0.75000;
percentAccept = 98.04;
energy        =      -2.4023329;
variance      =       3.5930419;
error         =   0.00059941988;
