nsd           = 3;
nel           = 2;
potpar        = 2.00;
nmc           = 10000000;
nth           = 1000000;
nvp           = 2;
alpha = 1.2500;
beta = 0.45000;
percentAccept = 99.72;
energy        =      -2.5979920;
variance      =       1.2762703;
error         =   0.00035724926;
