nsd           = 3;
nel           = 2;
potpar        = 2.00;
nmc           = 10000000;
nth           = 1000000;
nvp           = 2;
alpha = 2.5000;
beta = 0.55000;
percentAccept = 98.08;
energy        =      -2.4409562;
variance      =       3.3717029;
error         =   0.00058066367;
