nsd           = 3;
nel           = 2;
potpar        = 2.00;
nmc           = 10000000;
nth           = 1000000;
nvp           = 2;
alpha = 1.2000;
beta = 0.15000;
percentAccept = 99.78;
energy        =      -2.4272937;
variance      =       1.2549966;
error         =   0.00035425931;
