nsd           = 3;
nel           = 2;
potpar        = 2.00;
nmc           = 10000000;
nth           = 1000000;
nvp           = 2;
alpha = 1.2000;
beta = 0.45000;
percentAccept = 99.75;
energy        =      -2.5448687;
variance      =       1.3591270;
error         =   0.00036866340;
