nsd           = 3;
nel           = 2;
potpar        = 2.00;
nmc           = 10000000;
nth           = 1000000;
nvp           = 2;
alpha = 1.4000;
beta = 0.20000;
percentAccept = 99.65;
energy        =      -2.6709297;
variance      =      0.99235787;
error         =   0.00031501712;
