nsd           = 3;
nel           = 2;
potpar        = 2.00;
nmc           = 10000000;
nth           = 1000000;
nvp           = 2;
alpha = 2.4000;
beta = 0.85000;
percentAccept = 98.23;
energy        =      -2.5134166;
variance      =       2.4281246;
error         =   0.00049276004;
