nsd           = 3;
nel           = 2;
potpar        = 2.00;
nmc           = 10000000;
nth           = 1000000;
nvp           = 2;
alpha = 1.5000;
beta = 0.40000;
percentAccept = 99.53;
energy        =      -2.7918227;
variance      =      0.78145309;
error         =   0.00027954482;
