nsd           = 3;
nel           = 2;
potpar        = 2.00;
nmc           = 10000000;
nth           = 1000000;
nvp           = 2;
alpha = 2.4000;
beta = 1.0000;
percentAccept = 98.21;
energy        =      -2.4959284;
variance      =       2.5348376;
error         =   0.00050347171;
