nsd           = 3;
nel           = 2;
potpar        = 2.00;
nmc           = 10000000;
nth           = 1000000;
nvp           = 2;
alpha = 2.4500;
beta = 0.40000;
percentAccept = 98.23;
energy        =      -2.5375782;
variance      =       2.5336317;
error         =   0.00050335194;
