nsd           = 3;
nel           = 2;
potpar        = 2.00;
nmc           = 10000000;
nth           = 1000000;
nvp           = 2;
alpha = 2.7000;
beta = 0.50000;
percentAccept = 97.66;
energy        =      -2.1593041;
variance      =       7.1810708;
error         =   0.00084741199;
