nsd           = 3;
nel           = 2;
potpar        = 2.00;
nmc           = 10000000;
nth           = 1000000;
nvp           = 2;
alpha = 1.1500;
beta = 0.40000;
percentAccept = 99.78;
energy        =      -2.4775809;
variance      =       1.4187177;
error         =   0.00037665869;
