nsd           = 3;
nel           = 2;
potpar        = 2.00;
nmc           = 10000000;
nth           = 1000000;
nvp           = 2;
alpha = 1.6500;
beta = 0.050000;
percentAccept = 99.50;
energy        =      -2.7643429;
variance      =      0.62032421;
error         =   0.00024906309;
