nsd           = 3;
nel           = 2;
potpar        = 2.00;
nmc           = 10000000;
nth           = 1000000;
nvp           = 2;
alpha = 2.5500;
beta = 0.70000;
percentAccept = 97.94;
energy        =      -2.3416626;
variance      =       4.4037720;
error         =   0.00066360922;
