nsd           = 3;
nel           = 2;
potpar        = 2.00;
nmc           = 10000000;
nth           = 1000000;
nvp           = 2;
alpha = 1.7500;
beta = 0.65000;
percentAccept = 99.25;
energy        =      -2.8847087;
variance      =      0.25455743;
error         =   0.00015954856;
