nsd           = 3;
nel           = 2;
potpar        = 2.00;
nmc           = 10000000;
nth           = 1000000;
nvp           = 2;
alpha = 2.1000;
beta = 0.70000;
percentAccept = 98.77;
energy        =      -2.7931767;
variance      =      0.31468871;
error         =   0.00017739467;
