nsd           = 3;
nel           = 2;
potpar        = 2.00;
nmc           = 10000000;
nth           = 1000000;
nvp           = 2;
alpha = 2.2500;
beta = 1.0000;
percentAccept = 98.49;
energy        =      -2.6542639;
variance      =       1.1839697;
error         =   0.00034408861;
