nsd           = 3;
nel           = 2;
potpar        = 2.00;
nmc           = 10000000;
nth           = 1000000;
nvp           = 2;
alpha = 2.9000;
beta = 0.70000;
percentAccept = 97.12;
energy        =      -1.7258495;
variance      =       14.064717;
error         =    0.0011859476;
