nsd           = 3;
nel           = 2;
potpar        = 2.00;
nmc           = 10000000;
nth           = 1000000;
nvp           = 2;
alpha = 2.5500;
beta = 0.60000;
percentAccept = 97.96;
energy        =      -2.3623512;
variance      =       4.3657394;
error         =   0.00066073742;
