nsd           = 3;
nel           = 2;
potpar        = 2.00;
nmc           = 10000000;
nth           = 1000000;
nvp           = 2;
alpha = 1.3500;
beta = 0.75000;
percentAccept = 99.63;
energy        =      -2.7155032;
variance      =       1.0964959;
error         =   0.00033113379;
