nsd           = 3;
nel           = 2;
potpar        = 2.00;
nmc           = 10000000;
nth           = 1000000;
nvp           = 2;
alpha = 1.9500;
beta = 0.10000;
percentAccept = 99.15;
energy        =      -2.8800786;
variance      =      0.14166600;
error         =   0.00011902353;
