nsd           = 3;
nel           = 2;
potpar        = 2.00;
nmc           = 10000000;
nth           = 1000000;
nvp           = 2;
alpha = 1.3000;
beta = 0.50000;
percentAccept = 99.68;
energy        =      -2.6535909;
variance      =       1.2115988;
error         =   0.00034808027;
