nsd           = 3;
nel           = 2;
potpar        = 2.00;
nmc           = 10000000;
nth           = 1000000;
nvp           = 2;
alpha = 2.2000;
beta = 0.85000;
percentAccept = 98.59;
energy        =      -2.7106344;
variance      =      0.76607918;
error         =   0.00027678135;
