nsd           = 3;
nel           = 2;
potpar        = 2.00;
nmc           = 10000000;
nth           = 1000000;
nvp           = 2;
alpha = 2.9000;
beta = 0.45000;
percentAccept = 97.20;
energy        =      -1.8093129;
variance      =       13.026825;
error         =    0.0011413512;
