nsd           = 3;
nel           = 2;
potpar        = 2.00;
nmc           = 10000000;
nth           = 1000000;
nvp           = 2;
alpha = 2.1000;
beta = 0.45000;
percentAccept = 98.82;
energy        =      -2.8177701;
variance      =      0.24751198;
error         =   0.00015732514;
