nsd           = 3;
nel           = 2;
potpar        = 2.00;
nmc           = 10000000;
nth           = 1000000;
nvp           = 2;
alpha = 2.4000;
beta = 0.70000;
percentAccept = 98.25;
energy        =      -2.5350067;
variance      =       2.2608402;
error         =   0.00047548293;
