nsd           = 3;
nel           = 2;
potpar        = 2.00;
nmc           = 10000000;
nth           = 1000000;
nvp           = 2;
alpha = 2.0500;
beta = 0.10000;
percentAccept = 99.02;
energy        =      -2.8696224;
variance      =      0.16173325;
error         =   0.00012717439;
