nsd           = 3;
nel           = 2;
potpar        = 2.00;
nmc           = 10000000;
nth           = 1000000;
nvp           = 2;
alpha = 2.2000;
beta = 0.40000;
percentAccept = 98.67;
energy        =      -2.7650149;
variance      =      0.56721144;
error         =   0.00023816201;
