nsd           = 3;
nel           = 2;
potpar        = 2.00;
nmc           = 10000000;
nth           = 1000000;
nvp           = 2;
alpha = 1.0500;
beta = 0.75000;
percentAccept = 99.81;
energy        =      -2.3991600;
variance      =       1.5127403;
error         =   0.00038893963;
