nsd           = 3;
nel           = 2;
potpar        = 2.00;
nmc           = 10000000;
nth           = 1000000;
nvp           = 2;
alpha = 2.8000;
beta = 0.45000;
percentAccept = 97.44;
energy        =      -2.0009962;
variance      =       9.8429918;
error         =   0.00099211853;
