nsd           = 3;
nel           = 2;
potpar        = 2.00;
nmc           = 10000000;
nth           = 1000000;
nvp           = 2;
alpha = 2.5000;
beta = 0.60000;
percentAccept = 98.07;
energy        =      -2.4301016;
variance      =       3.4800585;
error         =   0.00058992021;
