nsd           = 3;
nel           = 2;
potpar        = 2.00;
nmc           = 10000000;
nth           = 1000000;
nvp           = 2;
alpha = 1.9000;
beta = 0.15000;
percentAccept = 99.19;
energy        =      -2.8847255;
variance      =      0.14038118;
error         =   0.00011848256;
