nsd           = 3;
nel           = 2;
potpar        = 2.00;
nmc           = 10000000;
nth           = 1000000;
nvp           = 2;
alpha = 2.1000;
beta = 0.10000;
percentAccept = 98.95;
energy        =      -2.8572891;
variance      =      0.22450015;
error         =   0.00014983329;
