nsd           = 3;
nel           = 2;
potpar        = 2.00;
nmc           = 10000000;
nth           = 1000000;
nvp           = 2;
alpha = 1.9000;
beta = 0.25000;
percentAccept = 99.15;
energy        =      -2.8886612;
variance      =      0.10293233;
error         =   0.00010145557;
