nsd           = 3;
nel           = 2;
potpar        = 2.00;
nmc           = 10000000;
nth           = 1000000;
nvp           = 2;
alpha = 1.8000;
beta = 1.0000;
percentAccept = 99.17;
energy        =      -2.8780154;
variance      =      0.20804133;
error         =   0.00014423638;
