nsd           = 3;
nel           = 2;
potpar        = 2.00;
nmc           = 10000000;
nth           = 1000000;
nvp           = 2;
alpha = 1.3000;
beta = 0.15000;
percentAccept = 99.73;
energy        =      -2.5444314;
variance      =       1.1778076;
error         =   0.00034319201;
