nsd           = 3;
nel           = 2;
potpar        = 2.00;
nmc           = 10000000;
nth           = 1000000;
nvp           = 2;
alpha = 2.0500;
beta = 0.60000;
percentAccept = 98.86;
energy        =      -2.8279019;
variance      =      0.17729433;
error         =   0.00013315192;
