nsd           = 3;
nel           = 2;
potpar        = 2.00;
nmc           = 10000000;
nth           = 1000000;
nvp           = 2;
alpha = 2.2500;
beta = 0.40000;
percentAccept = 98.59;
energy        =      -2.7288048;
variance      =      0.81875341;
error         =   0.00028613867;
