nsd           = 3;
nel           = 2;
potpar        = 2.00;
nmc           = 10000000;
nth           = 1000000;
nvp           = 2;
alpha = 2.0000;
beta = 0.20000;
percentAccept = 99.04;
energy        =      -2.8768735;
variance      =     0.096896189;
error         =   9.8435862E-05;
