nsd           = 3;
nel           = 2;
potpar        = 2.00;
nmc           = 10000000;
nth           = 1000000;
nvp           = 2;
alpha = 2.4500;
beta = 0.50000;
percentAccept = 98.19;
energy        =      -2.5134955;
variance      =       2.6524553;
error         =   0.00051501993;
