nsd           = 3;
nel           = 2;
potpar        = 2.00;
nmc           = 10000000;
nth           = 1000000;
nvp           = 2;
alpha = 1.3500;
beta = 0.10000;
percentAccept = 99.71;
energy        =      -2.5548124;
variance      =       1.1317758;
error         =   0.00033641876;
