nsd           = 3;
nel           = 2;
potpar        = 2.00;
nmc           = 10000000;
nth           = 1000000;
nvp           = 2;
alpha = 2.1500;
beta = 0.75000;
percentAccept = 98.69;
energy        =      -2.7569580;
variance      =      0.50071051;
error         =   0.00022376562;
