nsd           = 3;
nel           = 2;
potpar        = 2.00;
nmc           = 10000000;
nth           = 1000000;
nvp           = 2;
alpha = 2.2500;
beta = 0.90000;
percentAccept = 98.50;
energy        =      -2.6634070;
variance      =       1.0807881;
error         =   0.00032875342;
