nsd           = 3;
nel           = 2;
potpar        = 2.00;
nmc           = 10000000;
nth           = 1000000;
nvp           = 2;
alpha = 1.1500;
beta = 0.70000;
percentAccept = 99.76;
energy        =      -2.5187791;
variance      =       1.4576319;
error         =   0.00038178946;
