nsd           = 3;
nel           = 2;
potpar        = 2.00;
nmc           = 10000000;
nth           = 1000000;
nvp           = 2;
alpha = 2.6500;
beta = 0.20000;
percentAccept = 97.90;
energy        =      -2.3515167;
variance      =       5.2928372;
error         =   0.00072751888;
