nsd           = 3;
nel           = 2;
potpar        = 2.00;
nmc           = 10000000;
nth           = 1000000;
nvp           = 2;
alpha = 1.7000;
beta = 0.25000;
percentAccept = 99.37;
energy        =      -2.8627291;
variance      =      0.42610961;
error         =   0.00020642423;
