nsd           = 3;
nel           = 2;
potpar        = 2.00;
nmc           = 10000000;
nth           = 1000000;
nvp           = 2;
alpha = 1.2000;
beta = 0.35000;
percentAccept = 99.75;
energy        =      -2.5233201;
variance      =       1.2998957;
error         =   0.00036054066;
