nsd           = 3;
nel           = 2;
potpar        = 2.00;
nmc           = 10000000;
nth           = 1000000;
nvp           = 2;
alpha = 2.7500;
beta = 0.60000;
percentAccept = 97.52;
energy        =      -2.0436619;
variance      =       8.7249637;
error         =   0.00093407514;
