nsd           = 3;
nel           = 2;
potpar        = 2.00;
nmc           = 10000000;
nth           = 1000000;
nvp           = 2;
alpha = 2.7500;
beta = 0.75000;
percentAccept = 97.48;
energy        =      -2.0063694;
variance      =       8.9943714;
error         =   0.00094838660;
