nsd           = 3;
nel           = 2;
potpar        = 2.00;
nmc           = 10000000;
nth           = 1000000;
nvp           = 2;
alpha = 1.6500;
beta = 0.20000;
percentAccept = 99.44;
energy        =      -2.8351192;
variance      =      0.49630486;
error         =   0.00022277901;
