nsd           = 3;
nel           = 2;
potpar        = 2.00;
nmc           = 10000000;
nth           = 1000000;
nvp           = 2;
alpha = 1.6500;
beta = 0.30000;
percentAccept = 99.41;
energy        =      -2.8520461;
variance      =      0.47548066;
error         =   0.00021805519;
