nsd           = 3;
nel           = 2;
potpar        = 2.00;
nmc           = 10000000;
nth           = 1000000;
nvp           = 2;
alpha = 2.4500;
beta = 0.85000;
percentAccept = 98.13;
energy        =      -2.4525087;
variance      =       3.0078846;
error         =   0.00054844185;
