nsd           = 3;
nel           = 2;
potpar        = 2.00;
nmc           = 10000000;
nth           = 1000000;
nvp           = 2;
alpha = 1.0000;
beta = 0.40000;
percentAccept = 99.85;
energy        =      -2.2790464;
variance      =       1.4798241;
error         =   0.00038468483;
