nsd           = 3;
nel           = 2;
potpar        = 2.00;
nmc           = 10000000;
nth           = 1000000;
nvp           = 2;
alpha = 3.0000;
beta = 1.0000;
percentAccept = 96.79;
energy        =      -1.4326964;
variance      =       19.165070;
error         =    0.0013843797;
