nsd           = 3;
nel           = 2;
potpar        = 2.00;
nmc           = 10000000;
nth           = 1000000;
nvp           = 2;
alpha = 2.5500;
beta = 0.25000;
percentAccept = 98.09;
energy        =      -2.4636897;
variance      =       3.7537047;
error         =   0.00061267485;
