nsd           = 3;
nel           = 2;
potpar        = 2.00;
nmc           = 10000000;
nth           = 1000000;
nvp           = 2;
alpha = 2.7500;
beta = 0.45000;
percentAccept = 97.56;
energy        =      -2.0902913;
variance      =       8.3187961;
error         =   0.00091207434;
