nsd           = 3;
nel           = 2;
potpar        = 2.00;
nmc           = 10000000;
nth           = 1000000;
nvp           = 2;
alpha = 2.7000;
beta = 0.30000;
percentAccept = 97.74;
energy        =      -2.2307268;
variance      =       6.6220809;
error         =   0.00081376169;
