nsd           = 3;
nel           = 2;
potpar        = 2.00;
nmc           = 10000000;
nth           = 1000000;
nvp           = 2;
alpha = 1.2500;
beta = 1.0000;
percentAccept = 99.69;
energy        =      -2.6393646;
variance      =       1.3782347;
error         =   0.00037124584;
