nsd           = 3;
nel           = 2;
potpar        = 2.00;
nmc           = 10000000;
nth           = 1000000;
nvp           = 2;
alpha = 1.6500;
beta = 0.15000;
percentAccept = 99.45;
energy        =      -2.8209739;
variance      =      0.52577230;
error         =   0.00022929725;
