nsd           = 3;
nel           = 2;
potpar        = 2.00;
nmc           = 10000000;
nth           = 1000000;
nvp           = 2;
alpha = 2.6500;
beta = 0.90000;
percentAccept = 97.69;
energy        =      -2.1515279;
variance      =       6.6491625;
error         =   0.00081542397;
