nsd           = 3;
nel           = 2;
potpar        = 2.00;
nmc           = 10000000;
nth           = 1000000;
nvp           = 2;
alpha = 2.6000;
beta = 0.60000;
percentAccept = 97.86;
energy        =      -2.2900477;
variance      =       5.1866148;
error         =   0.00072018156;
