nsd           = 3;
nel           = 2;
potpar        = 2.00;
nmc           = 10000000;
nth           = 1000000;
nvp           = 2;
alpha = 1.4000;
beta = 0.15000;
percentAccept = 99.66;
energy        =      -2.6450294;
variance      =       1.0411791;
error         =   0.00032267307;
