nsd           = 3;
nel           = 2;
potpar        = 2.00;
nmc           = 10000000;
nth           = 1000000;
nvp           = 2;
alpha = 2.7500;
beta = 0.050000;
percentAccept = 97.80;
energy        =      -2.2945824;
variance      =       7.0873473;
error         =   0.00084186384;
