nsd           = 3;
nel           = 2;
potpar        = 2.00;
nmc           = 10000000;
nth           = 1000000;
nvp           = 2;
alpha = 2.4000;
beta = 0.25000;
percentAccept = 98.38;
energy        =      -2.6322272;
variance      =       1.8355420;
error         =   0.00042843226;
