nsd           = 3;
nel           = 2;
potpar        = 2.00;
nmc           = 10000000;
nth           = 1000000;
nvp           = 2;
alpha = 1.4000;
beta = 0.45000;
percentAccept = 99.61;
energy        =      -2.7304001;
variance      =      0.98819832;
error         =   0.00031435622;
