nsd           = 3;
nel           = 2;
potpar        = 2.00;
nmc           = 10000000;
nth           = 1000000;
nvp           = 2;
alpha = 1.6000;
beta = 0.90000;
percentAccept = 99.40;
energy        =      -2.8561299;
variance      =      0.56809591;
error         =   0.00023834763;
