nsd           = 3;
nel           = 2;
potpar        = 2.00;
nmc           = 10000000;
nth           = 1000000;
nvp           = 2;
alpha = 1.8500;
beta = 0.70000;
percentAccept = 99.13;
energy        =      -2.8812877;
variance      =      0.12885448;
error         =   0.00011351409;
