nsd           = 3;
nel           = 2;
potpar        = 2.00;
nmc           = 10000000;
nth           = 1000000;
nvp           = 2;
alpha = 1.8500;
beta = 0.15000;
percentAccept = 99.24;
energy        =      -2.8812894;
variance      =      0.19482337;
error         =   0.00013957914;
