nsd           = 3;
nel           = 2;
potpar        = 2.00;
nmc           = 10000000;
nth           = 1000000;
nvp           = 2;
alpha = 2.3000;
beta = 0.95000;
percentAccept = 98.40;
energy        =      -2.6111590;
variance      =       1.4712350;
error         =   0.00038356682;
