nsd           = 3;
nel           = 2;
potpar        = 2.00;
nmc           = 10000000;
nth           = 1000000;
nvp           = 2;
alpha = 2.7500;
beta = 0.40000;
percentAccept = 97.58;
energy        =      -2.1083837;
variance      =       8.3699340;
error         =   0.00091487344;
