nsd           = 3;
nel           = 2;
potpar        = 2.00;
nmc           = 10000000;
nth           = 1000000;
nvp           = 2;
alpha = 2.1500;
beta = 1.0000;
percentAccept = 98.66;
energy        =      -2.7368548;
variance      =      0.58773494;
error         =   0.00024243245;
