nsd           = 3;
nel           = 2;
potpar        = 2.00;
nmc           = 10000000;
nth           = 1000000;
nvp           = 2;
alpha = 2.4500;
beta = 0.90000;
percentAccept = 98.12;
energy        =      -2.4455549;
variance      =       3.0415765;
error         =   0.00055150490;
