nsd           = 3;
nel           = 2;
potpar        = 2.00;
nmc           = 10000000;
nth           = 1000000;
nvp           = 2;
alpha = 1.9000;
beta = 0.90000;
percentAccept = 99.04;
energy        =      -2.8646950;
variance      =      0.12432406;
error         =   0.00011150070;
