nsd           = 3;
nel           = 2;
potpar        = 2.00;
nmc           = 10000000;
nth           = 1000000;
nvp           = 2;
alpha = 2.4000;
beta = 0.35000;
percentAccept = 98.34;
energy        =      -2.6049185;
variance      =       1.9305741;
error         =   0.00043938299;
