nsd           = 3;
nel           = 2;
potpar        = 2.00;
nmc           = 10000000;
nth           = 1000000;
nvp           = 2;
alpha = 2.1000;
beta = 0.35000;
percentAccept = 98.84;
energy        =      -2.8293873;
variance      =      0.22698045;
error         =   0.00015065870;
