nsd           = 3;
nel           = 2;
potpar        = 2.00;
nmc           = 10000000;
nth           = 1000000;
nvp           = 2;
alpha = 1.0000;
beta = 0.90000;
percentAccept = 99.83;
energy        =      -2.3406193;
variance      =       1.5321846;
error         =   0.00039143130;
