nsd           = 3;
nel           = 2;
potpar        = 2.00;
nmc           = 10000000;
nth           = 1000000;
nvp           = 2;
alpha = 1.9500;
beta = 0.45000;
percentAccept = 99.03;
energy        =      -2.8739912;
variance      =     0.070994428;
error         =   8.4258191E-05;
