nsd           = 3;
nel           = 2;
potpar        = 2.00;
nmc           = 10000000;
nth           = 1000000;
nvp           = 2;
alpha = 2.2000;
beta = 0.55000;
percentAccept = 98.64;
energy        =      -2.7435329;
variance      =      0.63528684;
error         =   0.00025204897;
