nsd           = 3;
nel           = 2;
potpar        = 2.00;
nmc           = 10000000;
nth           = 1000000;
nvp           = 2;
alpha = 1.7000;
beta = 0.90000;
percentAccept = 99.29;
energy        =      -2.8774396;
variance      =      0.35694469;
error         =   0.00018892980;
