nsd           = 3;
nel           = 2;
potpar        = 2.00;
nmc           = 10000000;
nth           = 1000000;
nvp           = 2;
alpha = 2.4500;
beta = 0.25000;
percentAccept = 98.28;
energy        =      -2.5811365;
variance      =       2.3513120;
error         =   0.00048490329;
