nsd           = 3;
nel           = 2;
potpar        = 2.00;
nmc           = 10000000;
nth           = 1000000;
nvp           = 2;
alpha = 1.8000;
beta = 0.50000;
percentAccept = 99.21;
energy        =      -2.8886632;
variance      =      0.18150693;
error         =   0.00013472451;
