nsd           = 3;
nel           = 2;
potpar        = 2.00;
nmc           = 10000000;
nth           = 1000000;
nvp           = 2;
alpha = 2.0500;
beta = 0.25000;
percentAccept = 98.95;
energy        =      -2.8602229;
variance      =      0.13047768;
error         =   0.00011422683;
