nsd           = 3;
nel           = 2;
potpar        = 2.00;
nmc           = 10000000;
nth           = 1000000;
nvp           = 2;
alpha = 1.6000;
beta = 0.25000;
percentAccept = 99.47;
energy        =      -2.8228886;
variance      =      0.59622607;
error         =   0.00024417741;
